3 0.5116979166666666 0.30622222222222223 0.030578125000000077 0.08591666666666661
3 0.6074791666666666 0.35997222222222214 0.030375000000000086 0.08987037037037027
5 0.40785937499999997 0.6204074074074073 0.04808854166666663 0.12358333333333336
5 0.5838489583333333 0.622824074074074 0.0479739583333334 0.1258148148148147
8 0.7242083333333333 0.6291574074074074 0.049708333333333424 0.13081481481481474
3 0.7548333333333332 0.31937037037037036 0.03672916666666666 0.11707407407407402
2 0.45930208333333333 0.22143518518518515 0.038270833333333344 0.10496296296296295
11 0.576109375 0.2342685185185185 0.03095833333333342 0.09346296296296298
2 0.6405937500000001 0.521287037037037 0.03869791666666682 0.12576851851851845
5 0.36364062500000005 0.38246296296296295 0.047531250000000025 0.135824074074074
3 0.6858854166666667 0.21573148148148147 0.03431770833333321 0.1446574074074074
9 0.4050052083333333 0.47281481481481474 0.03767187499999998 0.10043518518518527
6 0.4016875 0.28335185185185185 0.04083854166666669 0.14999074074074076
11 0.5370677083333334 0.4464907407407408 0.03825520833333336 0.1095277777777778
6 0.5095833333333333 0.5660925925925926 0.041281249999999936 0.13432407407407396
9 0.6219374999999999 0.2894722222222222 0.03172395833333326 0.09405555555555559
11 0.6757708333333333 0.3690925925925926 0.03335937500000004 0.14413888888888884
8 0.3315052083333333 0.5335648148148148 0.04704166666666661 0.11707407407407418
6 0.49199479166666665 0.36975925925925923 0.0359739583333333 0.11455555555555558