2 0.43060937499999996 0.24579629629629626 0.03779166666666658 0.10696296296296294
5 0.6884739583333332 0.5759351851851852 0.041062500000000134 0.11944444444444445
3 0.6226041666666667 0.34023148148148147 0.030307291666666635 0.0843055555555555
9 0.46034895833333334 0.4991388888888889 0.03550520833333337 0.09274074074074071
5 0.5150989583333333 0.6315925925925926 0.043187499999999976 0.12157407407407403
9 0.6102708333333333 0.2692222222222222 0.028036458333333236 0.07952777777777777
8 0.8212604166666665 0.5416203703703704 0.053635416666666644 0.12764814814814826
3 0.5080781249999999 0.3068333333333333 0.025432291666666627 0.06819444444444439
11 0.5870364583333332 0.43342592592592594 0.03507812499999989 0.106287037037037
6 0.5153854166666666 0.37808333333333327 0.031807291666666695 0.1180462962962963
11 0.5549843749999999 0.2349537037037037 0.03264062499999998 0.0953888888888889
2 0.7069374999999999 0.4622129629629629 0.05158854166666682 0.13085185185185189
6 0.6007291666666668 0.5499722222222222 0.03687500000000003 0.11771296296296312
8 0.40760416666666666 0.572925925925926 0.04645833333333336 0.11918518518518527
0 0.746875 0.2609814814814815 0.039583333333333394 0.12121296296296294
1 0.6567708333333333 0.18507407407407406 0.03645833333333339 0.15458333333333335
4 0.3908333333333333 0.4211111111111111 0.039999999999999994 0.14149074074074075
10 0.6979843750000001 0.30033333333333334 0.02776562499999997 0.08647222222222221
0 0.6986041666666666 0.3742777777777778 0.02424479166666682 0.07377777777777782
7 0.392875 0.29864814814814816 0.027953125000000023 0.11689814814814817