5 0.571109375 0.5871388888888889 0.04665104166666669 0.12365740740740737
5 0.3906666666666666 0.5695925925925925 0.04707812499999999 0.12330555555555568
3 0.48451562500000006 0.26741666666666664 0.029854166666666692 0.08457407407407413
8 0.24889062499999995 0.5632685185185186 0.05222916666666677 0.13524074074074074
2 0.544125 0.18450925925925926 0.03661979166666658 0.10217592592592592
11 0.42382291666666666 0.19080555555555556 0.03338541666666668 0.10047222222222219
11 0.4499791666666667 0.40377777777777774 0.04048437499999995 0.10937962962962963
6 0.469125 0.5253518518518518 0.04233854166666671 0.1344907407407408
8 0.6542083333333334 0.5063055555555555 0.05234375 0.11609259259259264
2 0.34021875 0.46596296296296297 0.04110416666666676 0.12387962962962955
3 0.38447916666666676 0.30949074074074073 0.028958333333333287 0.07750000000000001
6 0.5050000000000001 0.3257777777777777 0.03166666666666664 0.11007407407407407
0 0.23895833333333333 0.2576481481481481 0.042916666666666714 0.12196296296296297
1 0.3120833333333334 0.15618518518518518 0.03416666666666668 0.15608333333333332
4 0.633125 0.3511296296296296 0.03791666666666664 0.14226851851851843
7 0.5986458333333333 0.25116666666666665 0.04229166666666675 0.1497314814814815
9 0.5829166666666667 0.4433333333333333 0.03416666666666668 0.0970462962962963
9 0.37374999999999997 0.23210185185185184 0.027500000000000035 0.07828703703703704
10 0.3120833333333334 0.3087407407407407 0.025833333333333285 0.15006481481481485
0 0.33361979166666667 0.3656111111111111 0.025510416666666737 0.08149074074074068