8 0.48656249999999995 0.5290462962962963 0.04187500000000011 0.12401851851851863
8 0.8637499999999999 0.3696481481481481 0.044166666666666646 0.12003703703703697
5 0.6110416666666667 0.5483055555555555 0.042916666666666714 0.1180833333333333
5 0.7558333333333334 0.4433333333333334 0.04500000000000011 0.11185185185185181
0 0.7226041666666667 0.14471296296296296 0.026458333333333427 0.12573148148148144
0 0.7150208333333332 0.28206481481481477 0.027958333333333307 0.11458333333333333
2 0.7484739583333333 0.33592592592592596 0.04278124999999999 0.10458333333333343
2 0.40541666666666665 0.2058148148148148 0.03583333333333325 0.09237037037037037
7 0.3953125 0.29207407407407404 0.04270833333333339 0.15377777777777782
11 0.5252083333333333 0.16823148148148148 0.03791666666666664 0.08757407407407408
11 0.61875 0.34613888888888883 0.0375 0.09895370370370371
9 0.5897916666666667 0.18860185185185183 0.02541666666666682 0.07645370370370372
9 0.5107291666666667 0.4453703703703703 0.031874999999999966 0.09000925925925934
3 0.5009322916666666 0.2562962962962963 0.03519791666666663 0.08024999999999996
3 0.623125 0.24802777777777776 0.03375000000000004 0.07309259259259258
6 0.6702083333333333 0.44962962962962966 0.03624999999999989 0.13184259259259268
6 0.5351041666666667 0.3172592592592592 0.034791666666666644 0.11525925925925927
4 0.42437499999999995 0.3892685185185185 0.04458333333333329 0.13706481481481475
10 0.6933333333333334 0.21821296296296294 0.02833333333333332 0.1356851851851852
1 0.621984375 0.10284259259259257 0.03005208333333318 0.1444537037037037