8 0.6490625 0.6073518518518519 0.05020833333333332 0.15099999999999988
8 0.3528125 0.32837037037037037 0.04104166666666664 0.1078518518518519
9 0.43239583333333337 0.31355555555555553 0.03354166666666671 0.09304629629629631
9 0.6988541666666667 0.22470370370370368 0.028958333333333287 0.07828703703703704
0 0.8116666666666668 0.3141111111111111 0.040000000000000126 0.1274814814814815
0 0.65625 0.3950092592592592 0.0375 0.13742592592592584
10 0.7054166666666667 0.3309537037037037 0.035833333333333425 0.13524074074074083
4 0.42541666666666667 0.2037685185185185 0.04249999999999989 0.12902777777777777
7 0.48791666666666667 0.12915740740740742 0.03416666666666668 0.1538796296296296
2 0.5707291666666666 0.09029629629629628 0.035208333333333286 0.09836111111111111
2 0.6178125 0.4527685185185185 0.04604166666666672 0.1344351851851853
3 0.5854166666666666 0.19692592592592592 0.029166666666666608 0.08941666666666666
3 0.6558333333333334 0.28912037037037036 0.02833333333333332 0.08862037037037038
11 0.6740625 0.1565648148148148 0.03354166666666671 0.1049907407407407
11 0.5516666666666666 0.34391666666666665 0.036666666666666715 0.10931481481481486
6 0.5382291666666668 0.24838888888888885 0.028541666666666642 0.1108611111111111
6 0.4819791666666666 0.43981481481481477 0.04104166666666664 0.13074074074074074
1 0.7792708333333334 0.17368518518518516 0.0418697916666666 0.15959259259259256
5 0.3771875 0.44240740740740747 0.04395833333333341 0.11370370370370371
5 0.5270833333333333 0.5220092592592592 0.04583333333333339 0.13216666666666663