3 0.6069322916666666 0.44640740740740736 0.03323437499999997 0.07875925925925915
9 0.46093229166666666 0.25869444444444445 0.03103125000000002 0.08210185185185187
9 0.66134375 0.41742592592592587 0.03678645833333327 0.07529629629629635
3 0.5564166666666667 0.4577407407407407 0.031973958333333385 0.08039814814814814
4 0.5153645833333333 0.2378888888888889 0.03311458333333324 0.10477777777777778
9 0.6157864583333333 0.5237685185185185 0.03556249999999998 0.0842037037037037
5 0.3304166666666667 0.3355925925925926 0.03916666666666657 0.08155555555555559
10 0.40875000000000006 0.4779537037037037 0.032500000000000105 0.09590740740740734
8 0.6955208333333334 0.4890648148148148 0.044375000000000143 0.08850000000000004
8 0.50875 0.49147222222222214 0.032500000000000105 0.08961111111111109
2 0.51375 0.6097685185185184 0.06416666666666675 0.10768518518518515
0 0.639375 0.346324074074074 0.033749999999999857 0.09562037037037041
6 0.6041666666666667 0.3068981481481481 0.033333333333333395 0.09452777777777778
7 0.5719791666666667 0.24579629629629626 0.03729166666666668 0.12788888888888886
11 0.4291666666666667 0.388537037037037 0.033333333333333395 0.07634259259259263
1 0.5173958333333333 0.3457685185185185 0.02979166666666675 0.10561111111111122
4 0.5787500000000001 0.5571851851851851 0.03416666666666668 0.1062314814814815
0 0.45678645833333337 0.5466759259259258 0.03507812499999989 0.08713888888888874
5 0.6575364583333334 0.5507592592592593 0.03785937500000003 0.08961111111111109