3 0.39878125000000003 0.313037037037037 0.02797916666666662 0.08539814814814817
2 0.60665625 0.2521851851851852 0.035859374999999895 0.10923148148148146
3 0.51628125 0.3063148148148148 0.027739583333333328 0.08354629629629634
9 0.42346874999999995 0.24806481481481485 0.02720312499999995 0.07641666666666665
8 0.1737187500000001 0.4640648148148148 0.04494791666666664 0.11784259259259262
11 0.4849375 0.22346296296296295 0.030864583333333327 0.09208333333333327
11 0.41431250000000003 0.4090185185185185 0.03596874999999997 0.10820370370370366
6 0.3770312500000001 0.5167129629629629 0.03971354166666661 0.13212037037037036
6 0.49158854166666666 0.36754629629629626 0.032567708333333376 0.11818518518518523
8 0.5668020833333334 0.5764444444444444 0.047338541666666775 0.12489814814814808
2 0.2870885416666667 0.41898148148148145 0.04187500000000011 0.10540740740740738
9 0.5295833333333333 0.49239814814814814 0.032500000000000105 0.08775925925925918
0 0.2885416666666667 0.22247222222222218 0.027083333333333393 0.11827777777777773
1 0.38583333333333336 0.1632222222222222 0.02833333333333332 0.1479351851851852
10 0.3291666666666667 0.2806018518518518 0.025 0.12342592592592594
4 0.6096875 0.43407407407407406 0.03270833333333343 0.1303703703703704
5 0.44677083333333334 0.6081018518518518 0.04187500000000011 0.12286111111111116
5 0.2908333333333334 0.5214629629629629 0.03499999999999996 0.09774074074074074
7 0.6284322916666667 0.30594444444444446 0.026187499999999985 0.10896296296296294
0 0.31146354166666673 0.3374259259259259 0.018390624999999973 0.07980555555555545