3 0.48639062499999997 0.31128703703703703 0.02559374999999999 0.08437037037037037
3 0.6030416666666666 0.3215925925925926 0.029536458333333293 0.08704629629629632
2 0.40444791666666663 0.2556111111111111 0.03612499999999996 0.10638888888888884
5 0.53584375 0.6116666666666666 0.043333333333333356 0.12358333333333336
9 0.5827864583333333 0.2599814814814814 0.02421875 0.08097222222222224
9 0.46264062499999997 0.49516666666666664 0.035270833333333404 0.09336111111111114
6 0.6077187499999999 0.522888888888889 0.038291666666666654 0.13144444444444442
8 0.42128645833333334 0.5693055555555555 0.05297916666666667 0.12298148148148143
6 0.5075416666666667 0.37132407407407403 0.030437500000000027 0.11599074074074073
2 0.7064583333333333 0.43093518518518525 0.03375000000000004 0.0981574074074075
5 0.6938541666666667 0.5342314814814815 0.03562500000000011 0.10475925925925936
8 0.815625 0.4829537037037037 0.04375 0.10961111111111105
4 0.38791666666666663 0.4281481481481481 0.04249999999999994 0.13333333333333333
1 0.6245833333333334 0.1732222222222222 0.032500000000000105 0.1457037037037037
0 0.7165625 0.23747222222222225 0.026874999999999892 0.11493518518518518
11 0.5270833333333333 0.22599074074074071 0.029166666666666608 0.09938888888888889
11 0.5795833333333332 0.40871296296296294 0.03416666666666668 0.09817592592592585
10 0.677828125 0.27338888888888885 0.029463541666666693 0.07552777777777778
0 0.683921875 0.3453518518518518 0.022895833333333292 0.06939814814814815
7 0.3763697916666667 0.30589814814814814 0.029072916666666605 0.10718518518518512