3 0.3930677083333333 0.44640740740740736 0.03323437499999997 0.07875925925925915
9 0.5390677083333333 0.25869444444444445 0.03103125000000002 0.08210185185185187
9 0.33865625 0.41742592592592587 0.03678645833333336 0.07529629629629635
3 0.44358333333333333 0.4577407407407407 0.031973958333333385 0.08039814814814814
4 0.4846354166666666 0.2378888888888889 0.03311458333333324 0.10477777777777778
9 0.38421354166666666 0.5237685185185185 0.03556249999999998 0.0842037037037037
5 0.6695833333333333 0.3355925925925926 0.03916666666666657 0.08155555555555559
10 0.5912499999999999 0.4779537037037037 0.032500000000000105 0.09590740740740734
8 0.3044791666666667 0.4890648148148148 0.04437500000000005 0.08850000000000004
8 0.49124999999999996 0.49147222222222214 0.032500000000000105 0.08961111111111109
2 0.48624999999999996 0.6097685185185184 0.06416666666666675 0.10768518518518515
0 0.360625 0.346324074074074 0.03374999999999995 0.09562037037037041
6 0.3958333333333333 0.3068981481481481 0.033333333333333395 0.09452777777777778
7 0.42802083333333324 0.24579629629629626 0.03729166666666668 0.12788888888888886
11 0.5708333333333333 0.388537037037037 0.033333333333333395 0.07634259259259263
1 0.48260416666666667 0.3457685185185185 0.02979166666666675 0.10561111111111122
4 0.42124999999999996 0.5571851851851851 0.03416666666666668 0.1062314814814815
0 0.5432135416666666 0.5466759259259258 0.03507812499999989 0.08713888888888874
5 0.34246354166666665 0.5507592592592593 0.03785937500000003 0.08961111111111109