3 0.513609375 0.31128703703703703 0.02559374999999999 0.08437037037037037
3 0.3969583333333334 0.3215925925925926 0.029536458333333293 0.08704629629629632
2 0.5955520833333334 0.2556111111111111 0.036125000000000004 0.10638888888888884
5 0.4641562500000001 0.6116666666666666 0.043333333333333356 0.12358333333333336
9 0.41721354166666663 0.2599814814814814 0.02421875 0.08097222222222224
9 0.5373593750000001 0.49516666666666664 0.035270833333333404 0.09336111111111114
6 0.3922812500000001 0.522888888888889 0.038291666666666654 0.13144444444444442
8 0.5787135416666667 0.5693055555555555 0.05297916666666662 0.12298148148148143
6 0.49245833333333333 0.37132407407407403 0.030437500000000027 0.11599074074074073
2 0.2935416666666667 0.43093518518518525 0.03375000000000004 0.0981574074074075
5 0.30614583333333334 0.5342314814814815 0.03562500000000011 0.10475925925925936
8 0.184375 0.4829537037037037 0.04375 0.10961111111111105
4 0.6120833333333333 0.4281481481481481 0.04249999999999989 0.13333333333333333
1 0.3754166666666666 0.1732222222222222 0.032500000000000105 0.1457037037037037
0 0.28343750000000006 0.23747222222222225 0.026874999999999892 0.11493518518518518
11 0.4729166666666667 0.22599074074074071 0.029166666666666608 0.09938888888888889
11 0.42041666666666677 0.40871296296296294 0.03416666666666668 0.09817592592592585
10 0.322171875 0.27338888888888885 0.029463541666666693 0.07552777777777778
0 0.31607812499999993 0.3453518518518518 0.022895833333333292 0.0693981481481482
7 0.6236302083333334 0.30589814814814814 0.029072916666666514 0.10718518518518512