3 0.5216614583333333 0.2528055555555555 0.031078124999999977 0.08311111111111108
8 0.16476041666666674 0.3692962962962963 0.0475833333333334 0.1213425925925926
6 0.35840104166666675 0.4370833333333334 0.039395833333333206 0.129425925925926
5 0.41696875 0.5430277777777778 0.04264583333333345 0.1224814814814814
5 0.27315104166666676 0.4340925925925926 0.04073437500000008 0.11809259259259255
9 0.5152552083333333 0.4422777777777779 0.03110937499999995 0.09978703703703708
11 0.406828125 0.34202777777777776 0.03496354166666667 0.11004629629629632
9 0.4336822916666668 0.18496296296296294 0.03005208333333318 0.08168518518518518
6 0.490890625 0.306787037037037 0.031312499999999945 0.12111111111111117
2 0.6206614583333334 0.1802962962962963 0.0369010416666665 0.05242592592592593
3 0.4043958333333334 0.24442592592592594 0.02820833333333326 0.08234259259259262
2 0.2810520833333333 0.3356944444444444 0.04662500000000005 0.10955555555555554
11 0.496953125 0.16593518518518519 0.03439062499999999 0.09471296296296296
8 0.5411145833333334 0.5255925925925925 0.04858333333333338 0.12851851851851848
1 0.40197916666666667 0.09546296296296294 0.027291666666666714 0.1531574074074074
4 0.6007239583333334 0.38472222222222224 0.040786458333333185 0.14087962962962955
7 0.631140625 0.2774351851851852 0.027427083333333435 0.1404166666666666
10 0.33234895833333333 0.1898148148148148 0.032869791666666794 0.08958333333333333
0 0.30300520833333333 0.14707407407407408 0.025307291666666742 0.10978703703703702
0 0.3105572916666667 0.27875925925925926 0.02176562499999992 0.11918518518518519