3 0.5276875000000001 0.28337962962962965 0.03312500000000007 0.08474074074074073
5 0.44271874999999994 0.596287037037037 0.045723958333333314 0.12483333333333332
3 0.7730260416666667 0.2814907407407407 0.038010416666666734 0.1178148148148148
3 0.62965625 0.3292685185185185 0.031145833333333428 0.09324999999999999
5 0.6227135416666666 0.5883425925925926 0.04642187500000006 0.12201851851851854
9 0.4299895833333333 0.45638888888888884 0.038619791666666715 0.09635185185185186
8 0.7667552083333333 0.5865555555555555 0.04911979166666658 0.13434259259259246
2 0.4666822916666666 0.19939814814814813 0.03540104166666662 0.09814814814814818
3 0.6290885416666666 0.32967592592592593 0.02926041666666652 0.08926851851851848
9 0.6374635416666667 0.2529722222222222 0.027401041666666792 0.07919444444444441
10 0.7001770833333333 0.3326018518518518 0.03200520833333318 0.14364814814814808
11 0.5638489583333333 0.41887037037037034 0.03700520833333343 0.1037314814814814
6 0.41366145833333334 0.2668611111111111 0.04344270833333339 0.1455
11 0.5893854166666666 0.20587962962962966 0.033005208333333334 0.09028703703703703
11 0.5114739583333333 0.35060185185185183 0.03488541666666674 0.10534259259259254
2 0.6736302083333332 0.4850925925925926 0.043869791666666734 0.12838888888888897
0 0.6795937499999999 0.3848796296296296 0.02451041666666658 0.0812314814814815
6 0.5432083333333333 0.5394074074074073 0.03896875000000009 0.13633333333333328
8 0.36033333333333334 0.5174722222222222 0.04699479166666665 0.11650925925925924
10 0.3820989583333333 0.3651203703703704 0.04403645833333334 0.13637962962962955
7 0.6961562499999999 0.17954629629629626 0.03465624999999992 0.1514259259259259