3 0.5680729166666667 0.28494444444444444 0.0313229166666666 0.08334259259259258
5 0.44413541666666667 0.5837129629629629 0.043937500000000004 0.11786111111111112
2 0.5228645833333333 0.2002037037037037 0.03581770833333344 0.10155555555555557
3 0.6619427083333334 0.3477129629629629 0.03392187500000006 0.08727777777777782
3 0.6623385416666666 0.3471574074074074 0.032682291666666606 0.0881851851851852
6 0.5470364583333333 0.5416111111111112 0.04135416666666671 0.1344907407407408
11 0.6378281250000001 0.22293518518518518 0.029989583333333236 0.09913888888888889
11 0.5831510416666668 0.42725 0.037890625 0.10544444444444438
5 0.6160833333333333 0.6023240740740741 0.04672916666666662 0.1227314814814815
2 0.6821614583333333 0.5059907407407407 0.047208333333333206 0.12777777777777777
8 0.7557395833333332 0.6237499999999999 0.04966145833333328 0.13033333333333338
8 0.38015625 0.4923518518518519 0.04588541666666659 0.11385185185185188
9 0.6777552083333334 0.2727685185185185 0.02951562499999998 0.0818425925925926
6 0.5419427083333332 0.34712037037037036 0.033432291666666634 0.11399074074074073
7 0.4598958333333333 0.256537037037037 0.038541666666666606 0.14195370370370375
4 0.41583333333333333 0.3481759259259259 0.040000000000000036 0.13634259259259263
9 0.45375 0.44075 0.032500000000000105 0.06964814814814813
0 0.8091927083333333 0.312574074074074 0.03698437500000011 0.12810185185185188
1 0.7477083333333333 0.2089537037037037 0.03291666666666657 0.15420370370370368
10 0.7262500000000001 0.36094444444444446 0.027500000000000035 0.1433703703703704
0 0.6954739583333333 0.4126944444444444 0.024708333333333422 0.08676851851851855