5 0.4095052083333333 0.6134074074074074 0.04511979166666671 0.11742592592592586
3 0.5177447916666666 0.3043055555555555 0.02799479166666661 0.08419444444444453
3 0.6133385416666666 0.3580925925925926 0.031057291666666664 0.08806481481481482
8 0.7231510416666667 0.62725 0.05161458333333328 0.13361111111111101
5 0.5840156249999999 0.6181851851851852 0.04821875000000002 0.12287037037037041
11 0.5410833333333334 0.4444814814814814 0.03506770833333324 0.10794444444444448
6 0.5109583333333333 0.5586388888888889 0.037812499999999895 0.12725
9 0.6274114583333333 0.2834351851851852 0.02681249999999995 0.0795925925925926
11 0.5838802083333332 0.23425925925925925 0.029739583333333285 0.09671296296296296
2 0.46782291666666664 0.21823148148148147 0.03573958333333334 0.1002037037037037
6 0.49432291666666667 0.36710185185185185 0.03324999999999996 0.11775925925925933
2 0.6428125 0.5159074074074073 0.03770833333333332 0.12365740740740737
8 0.33729166666666666 0.5212685185185185 0.04541666666666666 0.11587962962962971
9 0.4116666666666666 0.4690740740740741 0.03166666666666664 0.07813888888888888
0 0.7578125 0.3205925925925926 0.034375 0.12932407407407404
1 0.691875 0.21302777777777776 0.03791666666666682 0.1549351851851852
10 0.6797916666666667 0.36612962962962964 0.030416666666666713 0.1389259259259259
7 0.40625 0.28171296296296294 0.0375 0.14786111111111117
4 0.36947916666666664 0.37594444444444436 0.04104166666666664 0.12522222222222218
0 0.6518802083333333 0.4202314814814815 0.024458333333333294 0.08439814814814812