3 0.5384583333333333 0.2960648148148148 0.03735937499999995 0.07775925925925928
9 0.68278125 0.5004537037037037 0.04311458333333338 0.0750555555555555
3 0.553421875 0.20422222222222222 0.03556250000000016 0.07780555555555553
9 0.5755833333333332 0.1118611111111111 0.035026041666666605 0.08267592592592593
4 0.4678072916666666 0.2341111111111111 0.04471875000000001 0.12075925925925925
11 0.5744791666666667 0.5423796296296296 0.04270833333333339 0.10624074074074075
11 0.5569791666666667 0.40279629629629626 0.04104166666666682 0.08632407407407404
1 0.6034374999999998 0.3653888888888889 0.04645833333333318 0.12263888888888898
2 0.6954166666666667 0.3868703703703703 0.05750000000000011 0.0915185185185185
2 0.42458333333333337 0.35206481481481483 0.04916666666666671 0.0959814814814815
0 0.46208333333333335 0.46444444444444444 0.04083333333333332 0.08739814814814824
0 0.6145833333333333 0.14805555555555555 0.0375 0.09536111111111115
8 0.5234375 0.05400925925925926 0.03645833333333339 0.0998611111111111
8 0.5078125 0.37150000000000005 0.04270833333333339 0.10152777777777781
5 0.48125 0.1030648148148148 0.0375 0.09057407407407408
10 0.5023958333333333 0.5547870370370369 0.04020833333333336 0.09031481481481478
6 0.6495833333333334 0.22580555555555554 0.024166666666666715 0.10272222222222227
7 0.6901041666666666 0.2659814814814815 0.03645833333333339 0.12010185185185189
5 0.6006614583333333 0.7542685185185184 0.04560416666666658 0.08860185185185179