5 0.44103125 0.6185833333333334 0.04467187500000005 0.12436111111111106
3 0.6362760416666667 0.3520740740740741 0.032791666666666684 0.0915
5 0.62040625 0.6160185185185185 0.04734375000000011 0.1251388888888889
3 0.5345416666666666 0.2983796296296296 0.032005208333333354 0.08700000000000006
8 0.7650989583333333 0.62 0.05220312499999995 0.13512962962962974
9 0.6444791666666667 0.2718055555555555 0.02980208333333323 0.07966666666666669
11 0.5660052083333333 0.43840740740740736 0.03797395833333326 0.11025925925925925
2 0.47734375 0.21271296296296294 0.036354166666666646 0.10088888888888888
6 0.543109375 0.5594351851851852 0.03889583333333331 0.13377777777777786
11 0.5983229166666666 0.2250925925925926 0.03252083333333342 0.09785185185185183
8 0.35961458333333335 0.5319907407407407 0.05740625000000001 0.12212962962962971
9 0.4327395833333333 0.4687962962962963 0.03598958333333328 0.10464814814814818
2 0.6733697916666666 0.5108148148148147 0.03560937499999994 0.12163888888888895
7 0.42041666666666666 0.276712962962963 0.04083333333333332 0.14898148148148146
1 0.7083333333333333 0.19450925925925924 0.033333333333333395 0.1623518518518519
6 0.5122916666666667 0.3690925925925926 0.028749999999999963 0.11523148148148152
10 0.7075 0.35298148148148145 0.03166666666666682 0.1385648148148148
4 0.38510416666666664 0.37946296296296295 0.034791666666666644 0.1359537037037037
0 0.7816666666666666 0.3013333333333333 0.03833333333333329 0.12045370370370373