3 0.47350520833333326 0.286462962962963 0.03245312499999997 0.08984259259259252
5 0.3713958333333333 0.5876944444444444 0.04695312500000011 0.12376851851851853
3 0.2277708333333333 0.2805833333333333 0.03882291666666671 0.11586111111111105
5 0.553109375 0.598675925925926 0.04395833333333332 0.1267962962962964
3 0.37065104166666674 0.3287222222222222 0.03165104166666666 0.0920740740740741
8 0.2282395833333334 0.5830925925925926 0.04956770833333337 0.13314814814814815
2 0.5364791666666667 0.20130555555555554 0.03745833333333337 0.10087962962962962
3 0.37104687500000005 0.3281944444444444 0.030239583333333365 0.08937962962962957
9 0.5680104166666667 0.45874999999999994 0.036317708333333344 0.09531481481481481
11 0.41345833333333337 0.20630555555555555 0.03381249999999998 0.0921296296296296
11 0.43464583333333334 0.4184074074074074 0.037755208333333276 0.1044537037037036
2 0.3247447916666667 0.48199999999999993 0.037802083333333236 0.11923148148148152
6 0.45019791666666675 0.5401574074074074 0.04332812500000003 0.13471296296296298
8 0.6382708333333333 0.5201388888888889 0.05097395833333316 0.11735185185185186
9 0.36543229166666674 0.25225925925925924 0.026500000000000058 0.07489814814814816
6 0.4923958333333333 0.34947222222222224 0.02979166666666675 0.11301851851851852
10 0.2991666666666667 0.331324074074074 0.02666666666666657 0.1433888888888889
7 0.590625 0.26689814814814816 0.039583333333333394 0.14787037037037035
4 0.6195833333333334 0.36946296296296294 0.03583333333333325 0.1381851851851852
2 0.3052447916666667 0.17982407407407408 0.03460937499999996 0.15342592592592588