0 0.6694563802083333 0.65582763671875 0.08178059895833319 0.09812988281249986
2 0.38375000000000004 0.66323974609375 0.08963541666666673 0.100048828125
5 0.16193033854166666 0.6546044921875 0.08386393229166665 0.0943041992187501
8 0.5209212239583334 0.525732421875 0.07029622395833333 0.09365478515624996
1 0.323564453125 0.5108984375 0.0764615885416666 0.1224291992187501
4 0.21552734375 0.41296630859374994 0.07097330729166665 0.10513183593749993
7 0.9082291666666666 0.63995849609375 0.09421223958333348 0.12799560546874994
5 0.8278873697916667 0.443232421875 0.07078450520833333 0.0847705078125001
10 0.5314322916666666 0.41375488281250006 0.06581380208333325 0.10811767578125
11 0.7224576822916666 0.3784912109375 0.06739908854166667 0.08175537109374993
11 0.4345475260416667 0.37489501953125 0.06110351562500007 0.08048583984375002
6 0.08288411458333332 0.5254052734375 0.07235351562499999 0.0886157226562501