6 0.5330066666666666 0.5623674999999999 0.05932333333333328 0.08404249999999998
5 0.84563 0.5912325 0.07339999999999994 0.08660499999999996
8 0.26332666666666665 0.5848500000000001 0.08070000000000022 0.0873050000000001
0 0.4403633333333333 0.4437175 0.05015000000000001 0.07516250000000006
2 0.30998666666666674 0.4880975 0.05878666666666656 0.07880500000000001
4 0.6948133333333334 0.43640249999999997 0.05574999999999998 0.08621999999999996
11 0.4003633333333333 0.38930250000000005 0.04391333333333331 0.052200000000000024
5 0.6160966666666667 0.4233725 0.04254333333333354 0.059402500000000025
7 0.59387 0.4840750000000001 0.05823333333333333 0.10490499999999994
1 0.7646933333333333 0.48014 0.06331999999999999 0.10659500000000008
11 0.31189 0.43020500000000006 0.04333333333333324 0.04174500000000005