5 0.7851106770833334 0.657353515625 0.09030924479166676 0.1047290039062501
2 0.49986653645833334 0.712578125 0.09896484375000002 0.10221435546874993
8 0.6837858072916667 0.41951171875000004 0.07447265625000009 0.09471191406250004
1 0.26443359375000003 0.42657470703125 0.07674479166666667 0.13044677734374996
5 0.4260481770833333 0.53851318359375 0.07809244791666667 0.09749999999999996
7 0.3212955729166667 0.2783251953125 0.06505859375000007 0.12035156249999997
11 0.529013671875 0.2735400390625 0.06176432291666659 0.08121582031249996
11 0.8349088541666667 0.41138916015625 0.07122395833333334 0.08585449218749996
10 0.4499283854166667 0.35775146484375 0.06752604166666672 0.1135180664062501
4 0.09494140625000001 0.429814453125 0.0855403645833333 0.11325439453125
2 0.8653450520833333 0.5009130859375 0.08660481770833334 0.0886279296875001
8 0.07631510416666668 0.5255322265625 0.08427083333333334 0.09864257812500003