1 0.6924837239583332 0.47212646484375 0.08249023437499996 0.12483154296874996
8 0.7199023437500001 0.7376611328125 0.10133138020833338 0.09954833984375
5 0.8627539062499999 0.64465576171875 0.09199544270833329 0.0985058593749999
4 0.82029296875 0.34876220703125 0.07878255208333323 0.11093017578124993
10 0.4715885416666667 0.347109375 0.07314778645833328 0.11365234375000002
11 0.5802669270833333 0.299951171875 0.06980794270833333 0.0880126953125
11 0.26494140625 0.3025537109375 0.07308593750000014 0.08569091796875003
7 0.04806315104166667 0.62428466796875 0.09548502604166677 0.12691894531249998
6 0.33317382812500007 0.6443212890625 0.08821940104166662 0.10333740234374993
5 0.14437500000000003 0.37960205078125 0.07893229166666653 0.08938720703125007
0 0.4556184895833334 0.49133544921874994 0.07941731770833324 0.09563720703125007