5 0.08991861979166667 0.52263916015625 0.08688802083333336 0.0971142578124999
2 0.5793033854166666 0.31447509765625 0.07825195312500005 0.07992187500000006
2 0.33573567708333335 0.310390625 0.06784179687499996 0.09142822265625003
5 0.7702506510416666 0.32349609375 0.07294270833333343 0.08435546875000002
8 0.9080143229166667 0.4281982421875 0.07729166666666648 0.09755371093750002
8 0.45989583333333334 0.427021484375 0.07559570312499998 0.08577880859375
1 0.6633821614583334 0.41407958984375004 0.07791992187500014 0.12256835937500003
4 0.8330924479166667 0.54841064453125 0.09509440104166676 0.12007568359375007
11 0.17863606770833332 0.62868408203125 0.0868391927083333 0.0999755859375
10 0.44131184895833336 0.53937255859375 0.07914388020833331 0.1163403320312499
7 0.13053385416666666 0.29411376953125 0.07219401041666665 0.12127197265624998
11 0.5673144531250001 0.641318359375 0.08376953125000004 0.09749755859375