1 0.827744140625 0.1748876953125 0.06755533854166652 0.11669677734374999
8 0.3594856770833333 0.537841796875 0.09513020833333338 0.09495605468750004
7 0.48775065104166665 0.35841796875 0.07512695312499992 0.11639404296875
2 0.41432291666666665 0.18826171875 0.07132161458333333 0.08409179687499999
11 0.789443359375 0.3859814453125 0.07199218749999996 0.08293212890625004
5 0.7255989583333334 0.31439208984375 0.06838867187500004 0.08144287109375004
8 0.2840169270833333 0.29487548828125 0.07685872395833329 0.08363037109375
5 0.5670996093750001 0.21525146484374996 0.06499674479166657 0.07785156249999999
2 0.30402343749999994 0.4072314453125 0.08243164062499986 0.08797363281250004
11 0.614111328125 0.52047607421875 0.08121744791666667 0.08595214843749996
4 0.6917805989583333 0.11412597656249998 0.0630957031250001 0.09828613281250002
10 0.12184244791666667 0.34964599609375 0.09015950520833348 0.10579101562500011