4 0.5473665364583333 0.57206298828125 0.07985351562499995 0.1039843750000001
1 0.6994335937499999 0.42240722656249996 0.07872395833333339 0.11182861328125
2 0.38945638020833334 0.688291015625 0.08425455729166664 0.0878491210937499
8 0.07233072916666666 0.2333447265625 0.08715494791666666 0.07405273437500001
10 0.091611328125 0.636416015625 0.0951106770833333 0.10574707031250004
5 0.3120475260416667 0.30868896484375 0.07296223958333338 0.08343505859375
8 0.8895735677083334 0.7752978515625 0.0983007812500001 0.09630126953125
11 0.4754720052083333 0.28046630859375 0.06555013020833324 0.08005859375000002
11 0.19757486979166666 0.43001220703125 0.07821289062500002 0.08650878906250004
5 0.425341796875 0.458623046875 0.074755859375 0.08388916015624996
7 0.8965201822916667 0.25380126953125 0.08549804687499976 0.11482666015624998
2 0.8932584635416667 0.63136474609375 0.09011067708333324 0.08463378906249996