1 0.34087239583333334 0.37126708984375 0.07548177083333331 0.1295898437500001
5 0.17513346354166667 0.499892578125 0.0833723958333333 0.09725341796875
0 0.6551497395833332 0.38200195312499996 0.07429036458333324 0.10285156250000008
8 0.28583658854166666 0.56209716796875 0.09641276041666665 0.10690185546874993
6 0.5418229166666666 0.4974047851562499 0.07932617187500005 0.1054614257812501
10 0.5532291666666667 0.2832275390625 0.06830403645833319 0.11241943359375002
11 0.7266406249999999 0.25885986328125 0.06446614583333338 0.08624755859375002
11 0.4619140625 0.25963623046875 0.06438802083333334 0.07943115234375
7 0.9141666666666667 0.46256835937499996 0.09069986979166676 0.14477783203124997
7 0.9141145833333333 0.46302490234375 0.09200195312500009 0.14398437499999997
4 0.24384765625 0.2945751953125 0.07624674479166664 0.1075927734375