5 0.4581217447916667 0.54873046875 0.08175781249999996 0.08562744140625007
8 0.6863736979166667 0.3895263671875 0.08254882812500004 0.08659179687499989
4 0.18669270833333335 0.45400634765625 0.08679036458333324 0.10647949218750004
5 0.2348600260416666 0.1956787109375 0.07374348958333338 0.08655517578124998
2 0.44658203125 0.24606933593749997 0.07576822916666685 0.08037841796874998
2 0.4491276041666667 0.32671142578125 0.08231770833333343 0.08495361328125002
1 0.09136718749999997 0.37054687499999994 0.09178059895833333 0.11192382812500004
11 0.8955305989583333 0.31791015625 0.08076171875 0.08836669921874991
11 0.6737434895833334 0.55732666015625 0.08201497395833333 0.08647705078124997
10 0.5600944010416666 0.12264160156250001 0.06869791666666672 0.10711425781249999
8 0.6690006510416667 0.30553955078125 0.07102539062500005 0.08939941406249999
7 0.7688802083333334 0.17875244140625 0.07682291666666667 0.1153173828125