4 0.315087890625 0.45088623046875 0.07607421875 0.08231201171875
1 0.45487630208333335 0.32768798828125 0.06771158854166674 0.09143798828124998
7 0.8274348958333334 0.46398681640624995 0.08834309895833338 0.08224609374999989
5 0.27580403645833335 0.19320556640625 0.06745442708333335 0.07575927734375001
10 0.06969726562500002 0.41868408203124996 0.0919498697916667 0.08738525390624993
5 0.481611328125 0.20947998046875 0.06569010416666679 0.07395263671875003
8 0.2192024739583333 0.2853173828125 0.07808268229166669 0.07178710937499995
2 0.56193359375 0.63475341796875 0.07481445312500004 0.07694335937499996
2 0.5813671874999999 0.16807373046875 0.06341796875000014 0.08030029296875003
8 0.9046158854166666 0.34511474609375 0.083154296875 0.08261474609374994
11 0.7081673177083333 0.59408935546875 0.07706380208333338 0.06849853515624993
11 0.5109798177083333 0.52000732421875 0.07023111979166667 0.07279296874999996