1 0.24634666666666666 0.5939825 0.06898666666666671 0.05282499999999999
8 0.7317733333333334 0.66216 0.05717666666666664 0.056062499999999994
11 0.7132766666666667 0.533605 0.055130000000000005 0.04713499999999993
2 0.3992866666666667 0.41701 0.04756666666666665 0.062362499999999876
4 0.43254666666666675 0.7002474999999999 0.056350000000000004 0.04977
6 0.5953933333333334 0.6112675000000001 0.05230000000000009 0.04536750000000005
11 0.67457 0.4239775 0.05056000000000012 0.05099
7 0.40462666666666675 0.531 0.05397666666666664 0.0592550000000001
5 0.37989 0.8408775 0.057356666666666695 0.052987500000000055
5 0.3132233333333333 0.47769000000000006 0.04644333333333333 0.05004749999999998
10 0.56211 0.45178 0.04644333333333321 0.056559999999999985
0 0.5803333333333334 0.5158475 0.04733333333333339 0.04302500000000009