4 0.40090000000000003 0.5037425 0.06519999999999998 0.08974750000000001
2 0.6111033333333332 0.32040750000000007 0.04258 0.06341000000000001
8 0.6285966666666667 0.565645 0.07171666666666662 0.08095250000000007
7 0.63807 0.36227 0.04783333333333341 0.09604999999999997
10 0.7774266666666667 0.49156999999999995 0.07683333333333332 0.08891749999999998
1 0.3486333333333334 0.3590625 0.05224999999999997 0.08169750000000002
0 0.8444666666666668 0.38373250000000003 0.06520666666666651 0.07063499999999996
5 0.4961033333333333 0.3328825 0.05313333333333337 0.06301499999999996
6 0.48417 0.43985 0.05187000000000002 0.07158499999999997
0 0.9452666666666668 0.4159 0.0723133333333332 0.06985749999999999
11 0.37555666666666665 0.42968 0.05333333333333338 0.06268750000000001