4 0.8340234375000001 0.6018017578125 0.09497721354166658 0.12308349609374983
8 0.7075065104166666 0.6818701171875 0.0950292968750001 0.0959545898437499
5 0.10745442708333333 0.47280517578125 0.0787109375 0.09087890625000003
2 0.24405598958333327 0.3567724609375 0.08169921874999986 0.08570556640625009
1 0.6914453125000001 0.52169677734375 0.08361979166666653 0.13069091796874996
5 0.4477929687499999 0.5330859375 0.0806640625 0.095703125
10 0.6667936197916667 0.39889892578125 0.07050455729166648 0.11214599609375
11 0.7579557291666668 0.31310791015625 0.06736979166666662 0.07902099609375002
7 0.88896484375 0.388427734375 0.07500651041666657 0.12356933593750004
11 0.366953125 0.3103271484375 0.06697591145833333 0.0810546875
2 0.1817415364583333 0.60679931640625 0.085986328125 0.09977539062500007
8 0.44211588541666663 0.3567041015625 0.062890625 0.08987548828125007