5 0.9209700520833334 0.4917138671875 0.08084635416666662 0.09432861328124993
5 0.5664225260416667 0.44615966796875 0.07380208333333324 0.09100097656250003
4 0.24321614583333329 0.37819091796875004 0.07713867187500015 0.10798583984374996
7 0.08061848958333329 0.56072998046875 0.09564127604166686 0.13423583984375007
2 0.8497526041666668 0.640693359375 0.1045800781249999 0.10189697265624993
2 0.7809635416666667 0.37951416015624995 0.07175455729166676 0.10063232421875004
11 0.7157584635416666 0.72536376953125 0.0948339843750001 0.10885498046874993
8 0.5994173177083333 0.63261474609375 0.08242838541666657 0.10553222656250014
11 0.1730989583333334 0.72607666015625 0.09703776041666691 0.10679443359375007
10 0.3340657552083333 0.55975830078125 0.08505859375 0.1169848632812501
1 0.34149739583333333 0.42509277343749996 0.07046223958333328 0.1176562500000001
8 0.3585123697916667 0.34156494140625 0.06932617187499991 0.06978271484374998