4 0.4828833333333334 0.47725249999999997 0.05928000000000004 0.08320249999999998
1 0.31171000000000004 0.5630149999999999 0.07408999999999999 0.089485
2 0.41034 0.40714999999999996 0.06560666666666677 0.06743499999999991
6 0.55343 0.5820725 0.06078666666666669 0.07052999999999994
5 0.6780033333333333 0.5073325 0.0624133333333333 0.07037750000000002
8 0.8512866666666667 0.4612475 0.07664666666666661 0.06939250000000001
10 0.53477 0.346165 0.04764000000000005 0.08601
0 0.5956266666666666 0.3946625 0.05431333333333346 0.07385250000000002
11 0.61549 0.30078250000000006 0.05161666666666657 0.061100000000000064
7 0.4350366666666667 0.65764 0.06737000000000001 0.08828250000000004
5 0.29623000000000005 0.44670750000000004 0.061390000000000014 0.06682249999999997
11 0.72889 0.372195 0.057776666666666664 0.06238999999999999