1 0.172255859375 0.1748876953125 0.06755533854166665 0.11669677734374999
8 0.6405143229166668 0.537841796875 0.09513020833333338 0.09495605468750004
7 0.5122493489583334 0.35841796875 0.07512695312499992 0.11639404296875
2 0.5856770833333333 0.18826171875 0.07132161458333333 0.08409179687499999
11 0.210556640625 0.3859814453125 0.07199218750000001 0.08293212890625004
5 0.2744010416666667 0.31439208984375 0.06838867187499996 0.08144287109375004
8 0.7159830729166666 0.29487548828125 0.07685872395833329 0.08363037109375
5 0.43290039062499996 0.21525146484374996 0.06499674479166669 0.07785156249999999
2 0.6959765625000001 0.4072314453125 0.08243164062499986 0.08797363281250004
11 0.385888671875 0.52047607421875 0.08121744791666667 0.08595214843749996
4 0.30821940104166673 0.11412597656249998 0.06309570312499997 0.09828613281250001
10 0.8781575520833333 0.34964599609375 0.09015950520833348 0.10579101562500007