5 0.6131133333333333 0.35963 0.03225999999999989 0.04210249999999993
2 0.5432666666666667 0.33483 0.03369333333333344 0.04412000000000003
0 0.31918333333333326 0.3559725 0.038480000000000084 0.04675249999999993
4 0.5843066666666668 0.48450499999999996 0.03966666666666659 0.05586749999999992
6 0.5688100000000001 0.43276000000000003 0.03125666666666665 0.04397249999999993
11 0.6405033333333333 0.443935 0.037033333333333474 0.04446250000000003
0 0.38350999999999996 0.34745 0.03701333333333328 0.04354250000000004
1 0.68075 0.407955 0.04016666666666661 0.06066249999999993
8 0.43850000000000006 0.4856225 0.03966666666666659 0.042244999999999956
7 0.5089166666666667 0.36284500000000003 0.033833333333333354 0.05794000000000006
10 0.38466666666666666 0.424765 0.037333333333333246 0.05303000000000004