4 0.43339518229166674 0.5784228515625 0.08039713541666677 0.10992675781250014
5 0.6874544270833333 0.523876953125 0.07287760416666676 0.08817626953124993
8 0.5569466145833334 0.3379736328125 0.06820963541666672 0.08447021484375003
5 0.1382845052083333 0.4353857421874999 0.07282877604166653 0.08413818359375007
2 0.34963216145833337 0.3823486328125 0.06650716145833328 0.0871508789062501
1 0.2757845052083333 0.5730126953125 0.08274739583333333 0.1208251953125
2 0.4423828125 0.42119384765624995 0.07067382812499995 0.08203613281249993
7 0.4855240885416666 0.2409326171875 0.057662760416666715 0.10842773437500001
11 0.8085221354166666 0.44776367187500005 0.06839843749999991 0.08556884765624986
11 0.67626953125 0.27576171875 0.058505859375000094 0.07783447265624996
8 0.6424153645833334 0.3675830078125 0.060872395833333336 0.07549560546874998
10 0.2902018229166667 0.27702880859375 0.062174479166666664 0.09458740234374999