8 0.71588 0.3505775 0.07429333333333332 0.08552750000000006
10 0.5067633333333333 0.38444500000000004 0.07279000000000006 0.11153250000000003
2 0.31407999999999986 0.2065425 0.07969999999999994 0.08188249999999994
0 0.19999666666666654 0.44998000000000005 0.08871333333333335 0.08806250000000002
4 0.7805433333333334 0.20578 0.0710266666666667 0.11373999999999995
0 0.22988333333333333 0.3652775 0.08262666666666665 0.08408249999999998
6 0.6242866666666667 0.21246 0.056606666666666666 0.09146499999999999
11 0.67966 0.160485 0.05772000000000001 0.0797625
5 0.4362766666666667 0.15216999999999997 0.06345666666666669 0.07454750000000003
7 0.4032766666666666 0.2274 0.0686266666666666 0.11210250000000004
1 0.6234166666666667 0.0995125 0.05959999999999989 0.11786499999999997