5 0.6702929687499999 0.19271484375 0.07278645833333333 0.08242431640624996
4 0.603271484375 0.487646484375 0.08328450520833333 0.09360107421875004
5 0.3775618489583332 0.282275390625 0.07578450520833328 0.08444580078124994
2 0.20809570312500003 0.55241943359375 0.09702799479166657 0.082861328125
2 0.6076627604166667 0.11447509765625 0.07202473958333329 0.08485351562499996
1 0.39616210937499996 0.5577685546875 0.08525716145833329 0.09324462890625007
8 0.8600781249999999 0.3691162109375 0.09398437499999991 0.09260986328125007
10 0.35748046875 0.15294677734375 0.07389648437499995 0.10849121093749999
7 0.12481445312499997 0.28252197265625 0.09776041666666657 0.104248046875
11 0.12320638020833326 0.4516284179687499 0.08728515625000005 0.08120849609375007
11 0.7768489583333333 0.61848388671875 0.08658854166666667 0.07814697265625004
8 0.16984700520833335 0.1450439453125 0.0735449218750001 0.10098876953125