5 0.658935546875 0.6450537109375 0.08608723958333328 0.09996093749999986
2 0.5588834635416667 0.323955078125 0.07185546875000005 0.08885009765624999
1 0.3638736979166667 0.36390869140625 0.06931315104166652 0.11587646484374999
2 0.7392545572916667 0.396357421875 0.07366536458333334 0.09731933593749993
8 0.2107421875 0.31130615234375 0.07340169270833315 0.08519042968750004
5 0.41769205729166664 0.2768505859375 0.06451171874999986 0.07811279296875
8 0.5027473958333334 0.442734375 0.07712239583333323 0.085498046875
6 0.9185091145833333 0.45163330078125 0.08002278645833343 0.12589355468749996
11 0.19308268229166667 0.55402099609375 0.07499674479166671 0.0869335937499999
4 0.12274088541666663 0.4069580078125 0.08372070312499981 0.10854980468749993
11 0.4560253906250001 0.68156494140625 0.08251627604166671 0.09898437499999986
7 0.3643815104166668 0.52434326171875 0.07794596354166666 0.11044433593750007