4 0.6215555555555556 0.6581053921568627 0.06960130718954266 0.09881617647058824
2 0.4039803921568628 0.7043431372549019 0.07598366013071876 0.07722549019607836
1 0.48047712418300653 0.5891740196078431 0.06738235294117653 0.1043921568627452
11 0.6923627450980393 0.5027696078431373 0.05975816993464065 0.06839950980392154
7 0.43527777777777776 0.35892156862745106 0.05453594771241844 0.0987916666666667
11 0.28043790849673195 0.40863235294117645 0.05809803921568625 0.0676642156862746
5 0.3355849673202615 0.4703725490196078 0.05722549019607849 0.07014215686274508
2 0.9424117647058824 0.4716985294117646 0.07172549019607834 0.07171323529411762
10 0.6890915032679739 0.37687745098039216 0.054555555555555676 0.08840441176470586
8 0.5481078431372549 0.3389607843137255 0.04883986928104586 0.06295588235294121
5 0.6931503267973856 0.572313725490196 0.0614150326797386 0.07082598039215693
8 0.06108169934640521 0.5087377450980393 0.0641111111111113 0.07602696078431367