5 0.11304 0.4956074999999999 0.07542 0.08134499999999996
8 0.6690066666666666 0.6090275 0.08759333333333336 0.10056250000000003
5 0.4558633333333333 0.3782625 0.052243333333333315 0.06861500000000005
2 0.7061133333333334 0.4996275 0.06201666666666673 0.08318250000000002
11 0.75455 0.44794999999999996 0.05858333333333334 0.06840499999999991
1 0.25582333333333335 0.4049275 0.06073000000000004 0.10745749999999994
11 0.7036266666666667 0.3775775 0.05647666666666661 0.062615
0 0.6086600000000001 0.42594000000000004 0.05245666666666674 0.0798375
7 0.40811 0.43672750000000005 0.054000000000000034 0.10645500000000005
6 0.4102233333333334 0.52862 0.06044333333333327 0.08523999999999994
10 0.5864433333333333 0.3797475 0.04577666666666668 0.08716249999999999
4 0.35789000000000004 0.3724175 0.05133333333333331 0.08449999999999998