2 0.2074674479166667 0.2691259765625 0.07189453124999995 0.08214843749999998
5 0.11530924479166667 0.4109033203125 0.07214843749999998 0.08187988281250007
1 0.5352376302083334 0.55149169921875 0.0796679687499998 0.11191894531249993
5 0.2920638020833334 0.5600927734375 0.07621093749999991 0.08460937500000014
10 0.6074837239583334 0.71437255859375 0.08339518229166672 0.10765380859375
0 0.38445638020833334 0.38284423828125 0.06736979166666662 0.08233886718750005
6 0.9123893229166667 0.3650244140625 0.07271158854166657 0.08436523437499996
4 0.3806966145833333 0.29462890625 0.06849283854166661 0.09378173828125007
11 0.54951171875 0.24222412109375 0.061197916666666664 0.07744628906250002
6 0.7693001302083334 0.5277685546875 0.07327473958333333 0.08202148437499997
11 0.6100911458333333 0.4445947265625 0.06767903645833329 0.0798828125
2 0.386376953125 0.6540283203125 0.08207356770833343 0.08495117187499997
7 0.08735026041666666 0.609130859375 0.09982747395833336 0.10715087890625004
8 0.716494140625 0.3507373046875 0.06579752604166676 0.08596923828124999