4 0.3995666666666667 0.60764 0.06160999999999994 0.06381250000000005
8 0.6164366666666666 0.59497 0.06148666666666666 0.05450999999999997
1 0.24616999999999997 0.4851925 0.06768666666666663 0.07078249999999997
11 0.31557666666666667 0.5370950000000001 0.054366666666666674 0.054612499999999994
0 0.7670233333333335 0.36589 0.054903333333333394 0.058857499999999965
10 0.6871266666666667 0.48969500000000005 0.05925666666666676 0.0665700000000001
2 0.4426866666666667 0.34358 0.04600333333333341 0.0625775
6 0.4204066666666667 0.5163875000000001 0.05220666666666662 0.053894999999999985
0 0.6728866666666666 0.35442500000000005 0.04629333333333321 0.058310000000000084
5 0.34639000000000003 0.39130000000000004 0.049583333333333354 0.05502750000000005
7 0.49450000000000005 0.39527 0.0456666666666667 0.07403999999999993