4 0.4873177083333333 0.7666357421875001 0.10156901041666669 0.13885009765625006
8 0.6673958333333334 0.65125244140625 0.10036458333333324 0.1049877929687499
5 0.29588216145833335 0.50780029296875 0.07763346354166648 0.09324707031250004
8 0.6849772135416666 0.4771923828125 0.077197265625 0.0900073242187501
2 0.8492154947916667 0.569541015625 0.0868261718750001 0.106103515625
2 0.36368164062499997 0.63870849609375 0.08734049479166663 0.10218994140624993
7 0.51888671875 0.5161767578125 0.07533203125000014 0.13386474609374996
10 0.8954687499999999 0.689794921875 0.1019628906250001 0.13545166015625015
11 0.8489615885416666 0.4527587890625 0.07349934895833338 0.08840820312499993
5 0.48473632812499995 0.428447265625 0.05975260416666662 0.07454833984375
11 0.5819010416666667 0.3920166015625 0.0669824218749999 0.08113281250000011
1 0.1149446614583334 0.597021484375 0.09621093750000019 0.14578857421875