0 0.56274 0.36475 0.04052666666666672 0.0563625
5 0.31182000000000004 0.48569500000000004 0.05286333333333329 0.060707500000000005
2 0.6674433333333333 0.39373250000000004 0.04548999999999997 0.049939999999999964
10 0.7272966666666666 0.17367 0.09102999999999994 0.12250999999999994
8 0.7135033333333334 0.457775 0.05096333333333334 0.05820749999999997
11 0.5817033333333334 0.316365 0.039743333333333436 0.04157500000000001
6 0.5246433333333334 0.454565 0.04676666666666674 0.05765999999999991
1 0.33531333333333335 0.405135 0.04500000000000005 0.07843
5 0.42594 0.355865 0.041839999999999954 0.051297499999999996
4 0.37089000000000005 0.3664225 0.039556666666666726 0.06584249999999994
7 0.4642233333333333 0.40116000000000007 0.039556666666666726 0.07632000000000012
10 0.5226666666666666 0.33618000000000003 0.03644333333333331 0.06369500000000006
11 0.656 0.34893 0.03644333333333331 0.034195000000000066