4 0.5553092447916668 0.604150390625 0.08814127604166658 0.11894775390624997
2 0.5524739583333333 0.26373779296875 0.07305989583333337 0.08828369140625006
1 0.6238248697916667 0.4418041992187501 0.07436848958333328 0.12813476562500004
5 0.15044921875 0.31095458984375 0.07176106770833328 0.08396484375000002
5 0.8785546875 0.434482421875 0.0812076822916668 0.08864013671875011
8 0.8217480468749999 0.56588134765625 0.08669596354166677 0.10401855468750014
7 0.42114583333333333 0.18239257812499998 0.06131510416666674 0.11379638671874996
10 0.30436848958333335 0.43517578125 0.07359700520833339 0.111083984375
8 0.48460286458333335 0.3751611328125 0.06710611979166667 0.08602783203125001
11 0.07736002604166667 0.39768310546875 0.073681640625 0.08894775390624998
2 0.7303548177083333 0.34768798828125 0.06911458333333324 0.08185058593750005
11 0.274140625 0.5465625 0.07375651041666664 0.0908203125