5 0.23758 0.4400525 0.06273333333333332 0.06614750000000011
4 0.5690266666666666 0.57218 0.06885333333333321 0.08198250000000015
2 0.2725433333333333 0.356575 0.06149333333333331 0.06887250000000007
5 0.6557966666666668 0.7296325 0.07773333333333336 0.07205750000000019
1 0.28168 0.5625125000000001 0.07557333333333333 0.09025749999999988
6 0.6311766666666667 0.43696250000000003 0.05586999999999994 0.06823499999999996
10 0.46998 0.325975 0.05061333333333344 0.08468499999999998
11 0.6649733333333334 0.3431675 0.05514666666666652 0.06550500000000001
0 0.5376966666666667 0.370565 0.05290666666666658 0.07196000000000007
8 0.7956833333333334 0.426675 0.07525999999999987 0.07013750000000005
7 0.3898533333333333 0.43933 0.05866666666666672 0.09480499999999999
11 0.5403333333333333 0.27553250000000007 0.04733333333333339 0.062397499999999974