4 0.5666048177083333 0.5784228515625 0.0803971354166667 0.10992675781250014
5 0.3125455729166667 0.523876953125 0.07287760416666664 0.08817626953124993
8 0.4430533854166666 0.3379736328125 0.06820963541666672 0.08447021484375003
5 0.8617154947916668 0.4353857421874999 0.07282877604166653 0.08413818359375007
2 0.6503678385416667 0.3823486328125 0.06650716145833328 0.0871508789062501
1 0.7242154947916667 0.5730126953125 0.08274739583333333 0.1208251953125
2 0.5576171875 0.42119384765624995 0.07067382812500002 0.08203613281249997
7 0.5144759114583334 0.2409326171875 0.05766276041666665 0.10842773437500001
11 0.19147786458333335 0.44776367187500005 0.06839843749999996 0.08556884765624986
11 0.32373046875 0.27576171875 0.058505859374999976 0.07783447265624996
8 0.3575846354166667 0.3675830078125 0.060872395833333336 0.07549560546874998
10 0.7097981770833334 0.27702880859375 0.062174479166666664 0.09458740234374999