5 0.6958233333333333 0.7698775 0.07309333333333327 0.07766750000000008
5 0.7090366666666666 0.445245 0.05023666666666671 0.0628775000000001
4 0.6145266666666667 0.6219625 0.0700933333333334 0.08947749999999992
0 0.39587333333333324 0.39245 0.04482666666666665 0.06095000000000006
6 0.42843999999999993 0.55115 0.060103333333333356 0.06894000000000008
0 0.30829999999999996 0.3949649999999999 0.04835333333333338 0.06331000000000006
11 0.40751000000000004 0.6847375 0.06606333333333343 0.07260750000000016
2 0.61498 0.4024325 0.04881333333333349 0.06551749999999998
8 0.2893433333333334 0.5993850000000001 0.07073333333333333 0.06819000000000006
7 0.6232666666666666 0.47787750000000007 0.05724333333333339 0.08604749999999992
10 0.35233333333333333 0.49318249999999997 0.05310999999999998 0.07769499999999993
11 0.2672233333333333 0.548335 0.05 0.05133750000000017
1 0.7963333333333333 0.521755 0.07177666666666672 0.08984249999999996