5 0.40873046874999996 0.48909423828125 0.07635416666666663 0.08456054687499996
4 0.21454427083333333 0.52778564453125 0.08263997395833336 0.10529052734374993
8 0.33101562500000004 0.3303369140625 0.07830078125000005 0.07953369140625002
8 0.7378157552083333 0.46558837890624993 0.08046875 0.08114746093749989
10 0.9138085937499999 0.40059082031250004 0.08263020833333339 0.10349853515624993
6 0.5931575520833333 0.49380126953125003 0.07123046875000014 0.08650634765625007
11 0.09597981770833333 0.42411376953125 0.07920247395833334 0.08336425781249997
0 0.8087955729166666 0.5516455078125 0.07770833333333348 0.0877685546875
11 0.483876953125 0.3933349609375 0.0704524739583333 0.08350585937500003
5 0.42064453125 0.73208251953125 0.08269205729166676 0.08889404296874996
2 0.7288997395833333 0.326083984375 0.06945963541666676 0.08047607421875007
1 0.36821940104166667 0.225595703125 0.0683626302083334 0.11342529296875004
2 0.10966145833333334 0.67034912109375 0.08467122395833335 0.09779785156250007
7 0.8202180989583333 0.694208984375 0.09804361979166648 0.11459716796875004