4 0.8416699218750001 0.71288818359375 0.09748697916666677 0.1351513671874999
2 0.7526236979166666 0.398310546875 0.082421875 0.08595214843749996
1 0.681044921875 0.6260986328125 0.08949218750000014 0.13797851562499996
2 0.3030338541666666 0.392509765625 0.07321289062500004 0.09461181640625008
5 0.5330208333333334 0.35306640625 0.068212890625 0.081787109375
7 0.3800358072916667 0.7901635742187499 0.097705078125 0.14851562499999985
10 0.40525716145833335 0.62518310546875 0.08664062499999996 0.1276611328125
8 0.3016861979166666 0.49951416015624994 0.08456705729166668 0.0888916015625
11 0.18189453124999996 0.45170410156249996 0.07469401041666668 0.08882080078124996
11 0.117333984375 0.7202294921875 0.0997493489583333 0.11134033203125
5 0.6465071614583333 0.508779296875 0.0760156249999999 0.0942333984374999
8 0.9332194010416667 0.63614990234375 0.08275716145833319 0.11306884765625007
0 0.3030338541666666 0.392509765625 0.07321289062500004 0.09461181640625008