2 0.5170768229166666 0.30828369140625 0.07414713541666676 0.09322265625000004
5 0.5218684895833333 0.13548583984375 0.06589843750000005 0.08059570312499997
5 0.7512565104166667 0.46922607421875 0.07991536458333333 0.08199218750000004
7 0.11211263020833334 0.331201171875 0.08370117187499998 0.11422607421874993
8 0.41753906250000006 0.4527294921875001 0.07918619791666662 0.0927197265624999
2 0.43053710937499995 0.25372802734375 0.07132812499999991 0.08278076171875001
8 0.34063151041666667 0.3904736328125 0.08012044270833343 0.09321289062500009
10 0.20709309895833336 0.19716308593750004 0.07638346354166672 0.10987060546874998
1 0.815693359375 0.1944189453125 0.08165364583333339 0.09631591796875001
4 0.8373274739583334 0.29547119140625 0.08175130208333338 0.10280029296875001
11 0.6186197916666667 0.57216552734375 0.0789453124999999 0.09157958984374996
11 0.15852864583333334 0.49665771484375 0.076171875 0.08462158203124996