4 0.43526333333333334 0.40165750000000006 0.0701066666666667 0.10600749999999995
1 0.24997666666666665 0.31557 0.07973999999999996 0.11827499999999995
0 0.6597100000000001 0.4680325000000001 0.0750133333333333 0.08790750000000003
7 0.11381333333333334 0.40904750000000006 0.10047999999999997 0.11805749999999993
2 0.5645666666666667 0.34063499999999997 0.06339666666666659 0.09082249999999999
5 0.4445333333333333 0.565345 0.07752333333333337 0.08481750000000013
6 0.27337333333333336 0.482775 0.07906999999999999 0.08874250000000003
11 0.9115733333333332 0.4585675 0.09688000000000016 0.08600250000000002
10 0.7325333333333333 0.39785750000000003 0.07988333333333321 0.10529250000000001
5 0.45840333333333333 0.2880775 0.06171000000000006 0.07796249999999993
11 0.78954 0.58553 0.09403666666666648 0.08797499999999996
8 0.60035 0.72342 0.09519333333333341 0.10512249999999987