4 0.9464771241830066 0.4638480392156863 0.08394444444444436 0.10566911764705882
5 0.623124183006536 0.6386446078431373 0.0807647058823529 0.08864460784313728
8 0.39047385620915037 0.3987132352941177 0.08075490196078429 0.08290686274509813
8 0.07704901960784317 0.5870710784313726 0.08240849673202627 0.10315441176470586
2 0.6319869281045752 0.3793970588235294 0.06939542483660119 0.09523529411764695
2 0.23403267973856204 0.4861715686274509 0.07959477124183015 0.08373284313725496
11 0.5396568627450979 0.7244411764705883 0.08365359477124201 0.0909485294117646
5 0.6890261437908497 0.47746078431372546 0.07435947712418312 0.08686519607843142
11 0.21990522875816995 0.7125710784313726 0.08464379084967319 0.09064950980392172
1 0.9248660130718954 0.5919166666666666 0.09211111111111119 0.11637990196078433
7 0.3757745098039216 0.5354411764705882 0.08055228758169927 0.12031617647058823
10 0.22059477124183005 0.3636813725490196 0.081686274509804 0.09963970588235291