5 0.71434375 0.04693055555555555 0.04879687500000003 0.0938611111111111
0 0.7530546875 0.5765 0.05442968750000006 0.09841666666666668
9 0.3386796875 0.1584722222222222 0.03667187500000004 0.08944444444444449
2 0.7664140625 0.6956805555555555 0.07294531249999991 0.09508333333333338
3 0.6691874999999999 0.5722222222222222 0.044703125000000024 0.08456944444444442
3 0.6550703125 0.058388888888888886 0.03515625 0.08994444444444445
9 0.329125 0.34531944444444446 0.03996875000000007 0.08616666666666661
3 0.67159375 0.8346944444444445 0.0478515625 0.08115277777777787
9 0.29972656249999996 0.8552638888888888 0.04972656250000007 0.0819722222222222
3 0.6656328125 0.7176805555555555 0.04349218750000006 0.07737500000000005
6 0.24139062500000003 0.5785833333333333 0.05967968750000008 0.10006944444444438
9 0.31742968749999995 0.6946944444444445 0.049203125000000014 0.08220833333333324
9 0.3395390625 0.25616666666666665 0.04092187500000009 0.08488888888888889
9 0.3276875 0.4694305555555556 0.04250781250000006 0.08337499999999996
9 0.32199218749999997 0.5838888888888889 0.04206249999999993 0.07962500000000006
3 0.6663515625 0.35155555555555557 0.04153124999999989 0.0895416666666667
8 0.216203125 0.7030138888888889 0.07694531249999984 0.09418055555555564
11 0.28259375000000003 0.05263888888888889 0.048812500000000016 0.10526388888888889
3 0.656078125 0.24930555555555556 0.0375859375000001 0.08641666666666671
5 0.7772109374999999 0.8453333333333333 0.061945312499999974 0.09895833333333333
2 0.7270078124999999 0.13429166666666667 0.05730468749999993 0.11491666666666668
7 0.2464765625 0.3282083333333333 0.06284375000000005 0.13066666666666674
4 0.7477343750000001 0.43756944444444446 0.05995312500000001 0.12938888888888883
10 0.24309374999999997 0.44243055555555555 0.059218749999999966 0.12005555555555547
11 0.22375781249999988 0.8416527777777778 0.06414062499999992 0.09413888888888886
8 0.27852343749999997 0.15006944444444445 0.05842968749999997 0.11756944444444445
1 0.7419140625 0.32911111111111113 0.057531250000000075 0.13813888888888887
6 0.26632812499999997 0.24140277777777777 0.043234374999999936 0.10898611111111114
0 0.7270859375000001 0.2146111111111111 0.04137500000000003 0.11177777777777781
3 0.6573203125 0.14141666666666666 0.03580468750000012 0.08045833333333334
9 0.3451328125 0.06602777777777778 0.03295312500000005 0.08841666666666666
3 0.666140625 0.45723611111111107 0.0391484375000001 0.08036111111111113