4 0.47315625 0.1564027777777778 0.04913281250000008 0.17725000000000002
0 0.6327421875000001 0.19576388888888888 0.05103906249999994 0.15229166666666663
11 0.5454921875000001 0.08784722222222222 0.04385156250000009 0.13113888888888892
11 0.2288359374999999 0.6159861111111111 0.07760156249999994 0.1494305555555556
8 0.6833750000000001 0.5974444444444444 0.06415624999999991 0.1709444444444445
10 0.4024140625 0.38108333333333333 0.0625 0.1860555555555556
6 0.5361640624999999 0.28597222222222224 0.04798437500000006 0.14958333333333332
5 0.271578125 0.26590277777777777 0.05839062500000001 0.1376527777777778
1 0.560734375 0.5057222222222222 0.057531250000000075 0.20651388888888897
8 0.3829296875 0.1057638888888889 0.05509374999999998 0.1450277777777778
5 0.422546875 0.590875 0.05700000000000003 0.14709722222222218
2 0.3155 0.11769444444444443 0.05412499999999998 0.1456111111111111
6 0.291578125 0.8471249999999999 0.07913281249999997 0.1492222222222223
0 0.7864609375 0.8393333333333334 0.08009374999999999 0.15047222222222212
2 0.7428125 0.4010694444444444 0.0646484375 0.1644861111111112
7 0.7913359375000001 0.13141666666666668 0.0697265625 0.20956944444444442