0 0.7415729166666667 0.4791203703703704 0.06297916666666659 0.20176851851851849
4 0.5573385416666667 0.7390462962962961 0.0782395833333334 0.28687962962962954
9 0.8421822916666667 0.4347037037037037 0.0491093750000001 0.13626851851851854
6 0.9334895833333334 0.44370370370370377 0.06354687500000011 0.1986296296296296
6 0.3918750000000001 0.2675462962962963 0.04736458333333342 0.16300925925925927
1 0.5835260416666668 0.3849814814814814 0.04744270833333335 0.26702777777777775
10 0.5349739583333333 0.3312314814814815 0.04311458333333338 0.20237037037037042
7 0.4550416666666667 0.7335925925925925 0.07716666666666665 0.32579629629629653
0 0.5025000000000001 0.18401851851851853 0.02833333333333332 0.07470370370370373
9 0.5009375 0.27697222222222223 0.03354166666666671 0.10504629629629629
3 0.4378958333333333 0.47936111111111107 0.05094791666666669 0.14252777777777778
3 0.8707708333333333 0.5925925925925926 0.05589062499999997 0.15651851851851845