2 0.45618229166666663 0.48754629629629626 0.057052083333333316 0.1588425925925926
8 0.9536041666666666 0.13185185185185186 0.0826302083333335 0.20902777777777778
10 0.6500104166666667 0.635962962962963 0.04696354166666676 0.18713888888888883
6 0.7167447916666667 0.31602777777777774 0.05411458333333332 0.18209259259259253
1 0.5366197916666666 0.28994444444444445 0.06068750000000005 0.2521296296296296
11 0.39604687499999996 0.30427777777777776 0.05992708333333332 0.16714814814814816
7 0.650765625 0.2390185185185185 0.05986458333333342 0.2614351851851852
9 0.8749114583333333 0.42718518518518517 0.05125520833333326 0.13099074074074082
4 0.5864322916666667 0.5133518518518518 0.04911979166666658 0.19549074074074058
5 0.557546875 0.6191944444444444 0.03631249999999984 0.13007407407407404
0 0.7288697916666667 0.4568888888888888 0.05236979166666682 0.1705925925925925
3 0.7247916666666666 0.5785925925925925 0.03864583333333318 0.11234259259259258