3 0.43592708333333335 0.1983796296296296 0.04216145833333336 0.1121944444444444
9 0.47470833333333334 0.6691759259259259 0.04773958333333343 0.13518518518518524
3 0.5006979166666666 0.37070370370370365 0.04516145833333329 0.12183333333333338
0 0.4159322916666667 0.3306944444444444 0.049822916666666696 0.15893518518518512
0 0.7973645833333333 0.4204537037037037 0.057916666666666484 0.17223148148148149
6 0.5628802083333333 0.24586111111111109 0.04727604166666666 0.1522314814814814
5 0.2891302083333333 0.6849722222222222 0.07140104166666665 0.1681018518518518
11 0.5467291666666666 0.4774351851851852 0.055848958333333344 0.1573148148148148
2 0.17661458333333332 0.6335648148148147 0.07852083333333333 0.17196296296296296
11 0.40422916666666664 0.510574074074074 0.05870833333333336 0.15774074074074065
6 0.6861041666666666 0.27456481481481476 0.04029687499999994 0.10262962962962968
8 0.3312708333333333 0.1320648148148148 0.05326562499999996 0.1442314814814815
8 0.6880677083333333 0.1116574074074074 0.05164062500000011 0.1347685185185185
2 0.29541666666666666 0.26263888888888887 0.06583333333333333 0.13565740740740734
5 0.5722916666666666 0.11509259259259257 0.04874999999999989 0.12575
7 0.8318749999999999 0.6636203703703704 0.07625000000000001 0.26352777777777797
10 0.6584375 0.6352962962962962 0.0731250000000001 0.21060185185185193
9 0.7876041666666667 0.2422777777777778 0.048125000000000105 0.11715740740740735
4 0.278125 0.4238796296296297 0.07708333333333331 0.1951759259259259
1 0.6658593749999999 0.4256481481481481 0.060114583333333374 0.20500925925925925