6 0.24753124999999998 0.3899074074074074 0.05031249999999998 0.10671296296296301
3 0.463578125 0.31060185185185185 0.041244791666666634 0.0900740740740741
10 0.404640625 0.4903888888888889 0.04940104166666668 0.12487037037037033
0 0.24086979166666667 0.5904814814814815 0.052885416666666615 0.11234259259259258
6 0.662578125 0.942824074074074 0.04959374999999984 0.09467592592592602
3 0.7106614583333333 0.7120462962962962 0.04517708333333328 0.08210185185185202
9 0.5960260416666665 0.8647499999999998 0.04770833333333328 0.08356481481481493
0 0.6028020833333334 0.6453055555555555 0.04927604166666679 0.1036944444444444
9 0.28528125 0.5683055555555555 0.0383177083333333 0.08502777777777766
7 0.666890625 0.14424074074074072 0.042380208333333336 0.14831481481481484
1 0.487796875 0.48615740740740737 0.044973958333333286 0.13475925925925922
4 0.701 0.23858333333333334 0.044255208333333226 0.14390740740740735