4 0.475890625 0.7479351851851852 0.08083854166666668 0.2873055555555554
3 0.5422708333333334 0.4609074074074074 0.05033333333333338 0.14061111111111113
6 0.5558489583333334 0.23944444444444446 0.046333333333333296 0.16299999999999995
0 0.23490624999999996 0.4820555555555555 0.06611458333333334 0.21287037037037035
3 0.11027083333333335 0.6151574074074073 0.06107291666666668 0.1681388888888888
6 0.026057291666666666 0.45574074074074067 0.05211458333333333 0.21019444444444432
9 0.11140104166666664 0.44058333333333327 0.05485416666666665 0.14945370370370373
7 0.5801614583333333 0.728712962962963 0.08096354166666657 0.3205185185185185
1 0.39124479166666665 0.37643518518518515 0.045734374999999924 0.26369444444444445
0 0.4418749999999999 0.15587962962962962 0.02958333333333325 0.07767592592592593
10 0.43187499999999995 0.31343518518518515 0.042916666666666714 0.21279629629629626