3 0.184078125 0.5039259259259259 0.05746875000000003 0.14512962962962964
0 0.28630208333333335 0.45076851851851846 0.03266145833333338 0.20540740740740737
0 0.7401927083333334 0.30849074074074073 0.05534895833333327 0.19896296296296295
6 0.8082968749999999 0.3490833333333333 0.07345833333333332 0.24949074074074074
3 0.493546875 0.5315555555555556 0.06701041666666666 0.19166666666666668
7 0.07500520833333332 0.6444907407407408 0.06790624999999997 0.42856481481481473
9 0.6916249999999999 0.3657962962962963 0.047203125000000054 0.1542962962962963
6 0.25375 0.4116666666666666 0.032500000000000015 0.17814814814814814
9 0.32458333333333333 0.42500925925925925 0.04083333333333341 0.11593518518518522
10 0.5462499999999999 0.37555555555555553 0.0674999999999999 0.2681388888888888
1 0.4326041666666667 0.400537037037037 0.06479166666666672 0.3010833333333333