9 0.25984375 0.29617592592592595 0.03485416666666667 0.12751851851851856
3 0.64615625 0.2718981481481481 0.04006249999999998 0.10833333333333334
0 0.553359375 0.2496759259259259 0.04594270833333329 0.1504907407407407
10 0.355 0.20973148148148146 0.04619270833333333 0.19541666666666666
6 0.17230208333333333 0.21497222222222218 0.04690625000000002 0.165287037037037
0 0.21979166666666666 0.2981481481481481 0.05100520833333337 0.18088888888888885
6 0.6797864583333333 0.35041666666666665 0.05039583333333351 0.16066666666666668
9 0.6073385416666666 0.3516111111111111 0.0403072916666666 0.12441666666666665
4 0.5209166666666667 0.09677777777777778 0.03877604166666675 0.1559722222222222
7 0.4776041666666666 0.07314814814814814 0.03645833333333339 0.14629629629629629
1 0.42530729166666664 0.18882407407407406 0.04453125 0.2108425925925926