0 0.23901562500000004 0.5755925925925925 0.06404166666666669 0.23028703703703696
0 0.5250364583333333 0.5226851851851851 0.057479166666666616 0.1960185185185185
3 0.30525 0.6053333333333333 0.050828125000000134 0.1555462962962963
9 0.3537395833333334 0.8264074074074074 0.08646875000000005 0.23982407407407416
6 0.9041614583333333 0.6173981481481481 0.07735416666666665 0.26050925925925916
3 0.9747395833333334 0.675 0.050520833333333216 0.19444444444444445
6 0.3578125 0.6384537037037036 0.05729166666666661 0.1391388888888888
7 0.58125 0.5673333333333334 0.04583333333333339 0.33763888888888877
10 0.62875 0.5408796296296295 0.04249999999999989 0.2513796296296296
4 0.7653125000000001 0.7176574074074075 0.08395833333333336 0.4012314814814813
1 0.8354166666666666 0.6569259259259259 0.054166666666666786 0.42792592592592577