3 0.6441770833333333 0.5189074074074074 0.048744791666666565 0.13956481481481484
0 0.42986979166666667 0.7198888888888888 0.07136979166666677 0.2269166666666665
3 0.28041145833333336 0.8019166666666666 0.06432812500000011 0.15643518518518534
7 0.42411458333333335 0.4222592592592592 0.04651562499999997 0.22388888888888894
0 0.9589739583333333 0.6487685185185185 0.07352083333333326 0.25122222222222224
6 0.9280625 0.5081481481481481 0.046973958333333246 0.21018518518518522
4 0.37663020833333344 0.48368518518518516 0.05776041666666672 0.20857407407407402
9 0.8887604166666666 0.6601759259259259 0.054749999999999945 0.18034259259259264
10 0.7098645833333335 0.5807314814814815 0.06245312500000004 0.2630925925925924
1 0.5913489583333333 0.5775092592592592 0.05446354166666669 0.29311111111111104
6 0.2809739583333334 0.9232962962962963 0.06547916666666662 0.14748148148148157
9 0.4025 0.9131481481481482 0.06833333333333318 0.1737037037037036