0 0.26329166666666665 0.2879907407407407 0.05395833333333329 0.17281481481481475
1 0.35946874999999995 0.14902777777777776 0.045395833333333344 0.20863888888888893
8 0.6516770833333333 0.17890740740740738 0.04342187499999994 0.11827777777777773
11 0.6984427083333333 0.37963888888888886 0.04282291666666662 0.1537314814814814
6 0.18730729166666665 0.42260185185185184 0.05882812500000003 0.18874999999999997
2 0.2842395833333333 0.6745648148148148 0.07390625000000002 0.19374074074074074
7 0.6002604166666666 0.4396296296296296 0.05776041666666672 0.2479722222222222
4 0.46084375 0.3403981481481481 0.053322916666666664 0.20110185185185192
9 0.5557552083333333 0.7017685185185185 0.05693229166666658 0.1596296296296297
5 0.4742239583333333 0.20450925925925925 0.04229687500000008 0.06411111111111113
10 0.381125 0.4823148148148148 0.05671875000000002 0.23023148148148145
3 0.6585989583333334 0.2930277777777778 0.039067708333333506 0.11992592592592588