8 0.4200989583333333 0.15098148148148147 0.05616666666666674 0.13698148148148148
5 0.27225 0.1431111111111111 0.04978125000000002 0.13504629629629633
1 0.5961979166666668 0.2166111111111111 0.058744791666666706 0.1834629629629629
6 0.49267708333333343 0.34471296296296294 0.05183854166666659 0.13961111111111107
4 0.5195000000000001 0.6631018518518518 0.06247395833333336 0.1647777777777779
3 0.14330729166666673 0.7851759259259258 0.05735416666666673 0.10882407407407395
9 0.3445104166666667 0.600537037037037 0.048776041666666714 0.10907407407407403
2 0.6541197916666667 0.485324074074074 0.06276562500000012 0.14865740740740738
0 0.5087395833333334 0.09555555555555557 0.04775000000000009 0.14171296296296296
10 0.3337031250000001 0.3060833333333333 0.05288020833333338 0.1692685185185185
11 0.16423437500000002 0.30530555555555555 0.056031249999999845 0.14031481481481478
7 0.1530312500000001 0.5252037037037037 0.07081770833333323 0.1813055555555555