3 0.21326562500000001 0.7354722222222222 0.0575520833333333 0.09131481481481482
3 0.6772291666666665 0.2519259259259259 0.04761458333333337 0.10167592592592598
9 0.6687864583333333 0.8403148148148147 0.05610416666666662 0.09019444444444452
9 0.40319270833333326 0.11626851851851851 0.04721354166666671 0.1043148148148148
0 0.47054166666666664 0.12547222222222218 0.051427083333333276 0.12725
10 0.4323697916666666 0.3998055555555556 0.05659895833333337 0.11385185185185188
6 0.24795833333333328 0.6404629629629629 0.06379687499999998 0.10498148148148154
0 0.73125 0.23746296296296293 0.054166666666666606 0.12974999999999995
4 0.43 0.934111111111111 0.05999999999999996 0.10452777777777776
1 0.38083333333333336 0.864324074074074 0.0700000000000001 0.10197222222222233
6 0.6654166666666665 0.7213981481481481 0.05583333333333318 0.09762037037037033
7 0.4692343749999999 0.5097592592592592 0.052088541666666724 0.1216851851851852