2 0.609375 0.13791666666666663 0.039583333333333394 0.08990740740740742
2 0.6515625 0.33085185185185184 0.038541666666666606 0.0831851851851852
3 0.66875 0.1855 0.029166666666666608 0.07766666666666668
3 0.7041666666666666 0.2443796296296296 0.033333333333333395 0.06950925925925928
3 0.7510416666666666 0.3191851851851852 0.03125 0.07096296296296292
3 0.6241666666666668 0.4725000000000001 0.03166666666666682 0.06648148148148149
3 0.5838541666666666 0.5839629629629629 0.03229166666666661 0.05978703703703698
3 0.41968749999999994 0.41343518518518513 0.028958333333333287 0.06316666666666669
3 0.4178125 0.3214074074074074 0.029375000000000106 0.06059259259259267
3 0.505 0.18698148148148147 0.026666666666666748 0.0658148148148148
0 0.49208333333333326 0.4389814814814815 0.03416666666666668 0.0772314814814815
0 0.5620833333333334 0.42954629629629626 0.032500000000000105 0.0694537037037037
9 0.49489583333333337 0.32437037037037036 0.03354166666666671 0.06651851851851857
9 0.5602083333333333 0.1234722222222222 0.03291666666666657 0.06842592592592595
9 0.5947916666666666 0.3256666666666667 0.027083333333333393 0.05799999999999999
9 0.7422916666666667 0.4128796296296296 0.030416666666666713 0.058351851851851835
9 0.8573958333333334 0.5822962962962963 0.03354166666666671 0.060157407407407486
9 0.6392708333333333 0.6806203703703704 0.03479166666666682 0.06790740740740739
9 0.569375 0.8828148148148148 0.03458333333333332 0.05748148148148131
9 0.48583333333333323 0.647287037037037 0.029999999999999895 0.06050925925925917
8 0.45541666666666664 0.5150833333333332 0.03583333333333325 0.08498148148148141
8 0.6979166666666666 0.46638888888888885 0.0375 0.08759259259259267
1 0.3577083333333333 0.4699074074074074 0.05291666666666659 0.0835185185185185
10 0.674375 0.6017407407407407 0.03624999999999989 0.08051851851851856
8 0.48916666666666664 0.746537037037037 0.04500000000000011 0.081212962962963
9 0.625 0.8467037037037037 0.04166666666666661 0.07044444444444448
11 0.7448958333333333 0.7328333333333333 0.04187500000000011 0.07603703703703696
11 0.8252083333333333 0.4952777777777777 0.03791666666666664 0.0712870370370371
9 0.7490625 0.5891481481481481 0.03354166666666671 0.07014814814814814
5 0.8408333333333333 0.4282407407407407 0.040000000000000216 0.08389814814814811
5 0.5729166666666666 0.6748796296296296 0.0375 0.06753703703703703
4 0.6622916666666666 0.7478333333333332 0.03708333333333318 0.07269444444444433