3 0.05010937499999999 0.6464166666666666 0.060473958333333314 0.15246296296296302
3 0.6431875 0.6125185185185185 0.05071354166666655 0.15345370370370373
0 0.7012395833333334 0.5898981481481482 0.06188541666666669 0.20612037037037018
0 0.47324479166666666 0.5202407407407408 0.05006770833333327 0.17151851851851851
7 0.36180729166666664 0.5764444444444444 0.04852604166666667 0.28810185185185194
6 0.5147916666666666 0.7230462962962961 0.03541666666666661 0.26015740740740734
9 0.4726041666666666 0.8096944444444445 0.05145833333333325 0.19346296296296292
9 0.4220833333333333 0.5270092592592591 0.03583333333333325 0.11624999999999991
4 0.1509375 0.7010092592592593 0.05812499999999998 0.30719444444444444
9 0.506875 0.7186388888888888 0.007083333333333286 0.000499999999999861
6 0.10989583333333333 0.5220185185185184 0.025208333333333322 0.055157407407407294