3 0.8159218750000001 0.5039259259259259 0.05746874999999996 0.14512962962962964
0 0.7136979166666666 0.45076851851851846 0.03266145833333347 0.20540740740740737
0 0.2598072916666666 0.30849074074074073 0.05534895833333327 0.19896296296296295
6 0.19170312500000009 0.3490833333333333 0.07345833333333332 0.24949074074074074
3 0.506453125 0.5315555555555556 0.06701041666666666 0.19166666666666668
7 0.9249947916666666 0.6444907407407408 0.06790625000000006 0.42856481481481473
9 0.308375 0.3657962962962963 0.047203125000000054 0.15429629629629635
6 0.7462500000000001 0.4116666666666666 0.03249999999999993 0.17814814814814814
9 0.6754166666666667 0.42500925925925925 0.0408333333333335 0.11593518518518522
10 0.45375000000000004 0.37555555555555553 0.0674999999999999 0.2681388888888888
1 0.5673958333333333 0.400537037037037 0.06479166666666672 0.3010833333333333