9 0.7401562500000001 0.29617592592592595 0.03485416666666659 0.1275185185185186
3 0.35384375000000007 0.2718981481481481 0.04006249999999998 0.10833333333333334
0 0.446640625 0.2496759259259259 0.04594270833333329 0.1504907407407407
10 0.645 0.20973148148148146 0.04619270833333342 0.19541666666666666
6 0.8276979166666667 0.21497222222222218 0.04690624999999997 0.16528703703703704
0 0.7802083333333334 0.2981481481481481 0.05100520833333348 0.1808888888888889
6 0.32021354166666666 0.35041666666666665 0.05039583333333351 0.16066666666666668
9 0.39266145833333344 0.3516111111111111 0.0403072916666666 0.12441666666666665
4 0.47908333333333336 0.09677777777777778 0.03877604166666675 0.1559722222222222
7 0.5223958333333334 0.07314814814814814 0.03645833333333339 0.14629629629629629
1 0.5746927083333333 0.18882407407407406 0.04453125 0.2108425925925926