3 0.40843749999999995 0.12902777777777777 0.03979166666666671 0.10175925925925927
3 0.4607291666666667 0.11939814814814813 0.031874999999999966 0.09731481481481481
3 0.5347916666666667 0.12828703703703706 0.03208333333333328 0.08546296296296296
3 0.51875 0.5128611111111111 0.04583333333333339 0.09535185185185181
3 0.49833333333333324 0.3799166666666666 0.03833333333333329 0.08872222222222226
3 0.27270833333333333 0.6211851851851852 0.04125000000000005 0.08606481481481486
3 0.22104166666666664 0.5498981481481481 0.04624999999999997 0.09534259259259256
3 0.2529166666666667 0.3228888888888889 0.03916666666666666 0.09318518518518519
9 0.2764583333333333 0.20475925925925922 0.04041666666666668 0.08655555555555555
9 0.40374999999999994 0.30566666666666664 0.04083333333333337 0.0920740740740741
9 0.3045833333333333 0.43472222222222223 0.04249999999999998 0.09463888888888887
9 0.45916666666666667 0.7109814814814814 0.05166666666666675 0.08418518518518528
9 0.6637500000000001 0.7843055555555555 0.04416666666666682 0.09750000000000006
9 0.62 0.5215648148148148 0.040000000000000036 0.10164814814814807
9 0.5725 0.19624074074074072 0.036666666666666715 0.09174074074074075
9 0.7330208333333333 0.1777222222222222 0.03895833333333343 0.09914814814814811
2 0.3363541666666666 0.14809259259259258 0.045624999999999985 0.12878703703703706
2 0.45958333333333334 0.23382407407407402 0.044166666666666646 0.12616666666666662
8 0.5660416666666667 0.281037037037037 0.04458333333333329 0.12060185185185182
8 0.3601041666666666 0.6517314814814815 0.059791666666666646 0.11383333333333338
7 0.5230208333333334 0.7778240740740741 0.052291666666666715 0.14008333333333328
6 0.6911458333333333 0.6585833333333333 0.05104166666666661 0.12382407407407411
6 0.6580208333333333 0.29918518518518517 0.03895833333333343 0.11985185185185188
0 0.36072916666666666 0.5250833333333333 0.048541666666666664 0.11238888888888883
0 0.42541666666666667 0.4184259259259259 0.04249999999999989 0.1213055555555556
11 0.6716666666666666 0.1555 0.04333333333333318 0.11397222222222224
11 0.7238541666666667 0.40768518518518515 0.045624999999999895 0.12204629629629629
1 0.23104166666666667 0.7559722222222222 0.07458333333333336 0.14824074074074067
5 0.6489583333333333 0.09958333333333332 0.03541666666666661 0.1132407407407407
5 0.5580208333333333 0.5991481481481481 0.04729166666666682 0.11236111111111108
10 0.612765625 0.3970185185185185 0.04251041666666655 0.1419537037037036
4 0.6745468750000001 0.5183703703703704 0.0350833333333334 0.1388333333333334