5 0.8652083333333334 0.28140740740740744 0.0595833333333335 0.15837037037037033
5 0.33187500000000003 0.5102685185185185 0.042916666666666714 0.11238888888888883
2 0.45822916666666663 0.4769351851851852 0.05187499999999989 0.13462037037037047
2 0.8065624999999998 0.5602592592592592 0.04854166666666657 0.13088888888888875
1 0.6619791666666666 0.3184351851851852 0.059375 0.23242592592592587
0 0.4645833333333333 0.1984537037037037 0.054166666666666606 0.17024074074074072
3 0.4125 0.5843333333333334 0.03333333333333335 0.09755555555555541
3 0.8254166666666667 0.7104259259259259 0.0341666666666665 0.09418518518518518
0 0.5527083333333334 0.7446759259259259 0.03458333333333332 0.11454629629629633
9 0.5292708333333334 0.3451018518518518 0.03979166666666671 0.1228055555555555
9 0.5045833333333333 0.5828518518518518 0.03416666666666668 0.09459259259259262
11 0.35739583333333336 0.21030555555555555 0.058541666666666714 0.14950000000000005
11 0.4585416666666666 0.6780277777777777 0.03791666666666664 0.09974999999999999
10 0.7016666666666667 0.6619074074074074 0.04500000000000011 0.16752777777777778
6 0.33625 0.3904722222222222 0.047500000000000056 0.15056481481481476
6 0.6586458333333333 0.7774537037037037 0.02770833333333318 0.11712962962962953
8 0.78125 0.4243518518518518 0.054166666666666696 0.14796296296296305