0 0.7609843749999999 0.5755925925925925 0.06404166666666669 0.23028703703703696
0 0.4749635416666666 0.5226851851851851 0.057479166666666616 0.1960185185185185
3 0.69475 0.6053333333333333 0.050828125000000134 0.1555462962962963
9 0.6462604166666666 0.8264074074074074 0.08646875000000005 0.23982407407407408
6 0.09583854166666665 0.6173981481481481 0.07735416666666665 0.26050925925925916
3 0.025260416666666664 0.675 0.05052083333333333 0.19444444444444445
6 0.6421875 0.6384537037037036 0.05729166666666661 0.1391388888888888
7 0.41875 0.5673333333333334 0.04583333333333335 0.3376388888888888
10 0.37124999999999997 0.5408796296296295 0.04249999999999998 0.2513796296296296
4 0.2346875 0.7176574074074075 0.08395833333333336 0.4012314814814813
1 0.16458333333333333 0.6569259259259259 0.054166666666666655 0.4279259259259259