9 0.33390624999999996 0.5415555555555555 0.047140625000000026 0.1179537037037038
2 0.583296875 0.4573518518518518 0.052750000000000165 0.16942592592592595
0 0.17111979166666666 0.5241944444444444 0.06293229166666667 0.1594907407407408
9 0.7486666666666666 0.616962962962963 0.04833333333333343 0.1172870370370371
9 0.21432291666666664 0.6742037037037036 0.05306249999999997 0.10960185185185196
3 0.38033854166666664 0.8329814814814814 0.055390624999999985 0.12799074074074085
3 0.5870260416666666 0.7112499999999998 0.04828124999999996 0.12473148148148148
9 0.49697916666666664 0.6874074074074074 0.047307291666666626 0.11980555555555562
9 0.1569375 0.6595555555555556 0.05864583333333333 0.12085185185185184
5 0.42384374999999996 0.43649074074074073 0.051708333333333335 0.14082407407407405
9 0.19983333333333334 0.43914814814814807 0.049104166666666636 0.11210185185185174
3 0.4229583333333333 0.569287037037037 0.04752604166666665 0.12686111111111115
3 0.6632916666666666 0.7089907407407408 0.050453124999999946 0.12590740740740744
9 0.308859375 0.6830740740740741 0.05183854166666668 0.1206018518518519
9 0.3481458333333333 0.441287037037037 0.04633333333333338 0.1102685185185185
3 0.25766666666666665 0.5349444444444444 0.04962499999999999 0.12091666666666659
3 0.13227604166666668 0.7972037037037037 0.060114583333333325 0.12433333333333331
0 0.5921875 0.5638518518518519 0.05729166666666661 0.1462129629629631
2 0.55875 0.8246944444444444 0.05916666666666668 0.16346296296296303
5 0.4695833333333333 0.8276574074074073 0.06416666666666675 0.16938888888888895
10 0.7627083333333333 0.47516666666666657 0.05458333333333343 0.19033333333333327
1 0.6680208333333333 0.4442407407407407 0.05895833333333318 0.21367592592592594
11 0.7510416666666666 0.8711574074074074 0.0645833333333334 0.17121296296296293
6 0.4965624999999999 0.5573703703703704 0.04520833333333325 0.14733333333333323
8 0.661875 0.8339537037037036 0.05291666666666668 0.1597592592592592
8 0.29552083333333334 0.803037037037037 0.06395833333333334 0.16828703703703715
10 0.271875 0.3863148148148148 0.06887499999999998 0.17521296296296293
11 0.5102708333333333 0.43916666666666665 0.04620312500000008 0.09459259259259262
6 0.4087760416666667 0.6751203703703703 0.056041666666666635 0.16719444444444445