0 0.731671875 0.31616666666666665 0.05269270833333337 0.15913888888888894
10 0.609984375 0.6002037037037037 0.05980729166666663 0.19750925925925916
4 0.5311770833333334 0.3888425925925926 0.05217187499999998 0.18527777777777774
8 0.33079687500000005 0.14250925925925925 0.045828124999999886 0.14875925925925929
9 0.4374427083333334 0.8662222222222221 0.0596927083333334 0.1315555555555556
6 0.8016770833333334 0.5195277777777778 0.0599739583333335 0.1597222222222222
3 0.3285 0.28901851851851845 0.0425052083333334 0.11411111111111107
11 0.2949010416666667 0.42270370370370364 0.050864583333333255 0.14430555555555552
5 0.5200104166666667 0.22500925925925924 0.04779166666666672 0.13187962962962968
1 0.6371458333333334 0.11316666666666665 0.049520833333333236 0.20510185185185187
2 0.7000833333333334 0.8434351851851851 0.07394791666666674 0.164398148148148
7 0.39197916666666666 0.5441203703703703 0.05789583333333326 0.20854629629629626