8 0.7188697916666666 0.3373703703703704 0.058541666666666714 0.13044444444444447
9 0.49535416666666665 0.23674074074074072 0.045364583333333285 0.10976851851851847
2 0.4124322916666666 0.3860925925925926 0.05538020833333328 0.1238148148148148
9 0.44371875000000005 0.5335462962962962 0.039755208333333236 0.09534259259259256
5 0.8009374999999999 0.1725185185185185 0.05574479166666677 0.14166666666666664
3 0.350984375 0.5346018518518518 0.0401041666666667 0.09381481481481475
8 0.52115625 0.6801759259259259 0.03833333333333329 0.12547222222222218
5 0.27927083333333336 0.429074074074074 0.048125000000000015 0.11667592592592592
3 0.7379166666666667 0.6901111111111111 0.04249999999999989 0.09800925925925917
6 0.575 0.7704537037037037 0.04166666666666661 0.1179537037037038
6 0.3020833333333333 0.2661574074074074 0.054166666666666696 0.13158333333333336
1 0.6221874999999999 0.18302777777777773 0.05895833333333318 0.19124074074074074
0 0.44697916666666665 0.06529629629629628 0.06270833333333332 0.13059259259259257
0 0.47510416666666666 0.7380555555555556 0.03979166666666671 0.12352777777777785
7 0.5504166666666667 0.47942592592592587 0.04249999999999989 0.1581203703703704
4 0.5395833333333333 0.6023425925925925 0.0375 0.08106481481481483
2 0.7329166666666667 0.4959074074074074 0.04916666666666671 0.12811111111111112
11 0.3885416666666667 0.6619722222222222 0.039583333333333304 0.1157962962962963
11 0.34770833333333334 0.06677777777777777 0.05791666666666666 0.1335462962962963
10 0.6290625 0.6167962962962963 0.03729166666666668 0.14395370370370367