3 0.471515625 0.3511296296296296 0.043333333333333356 0.09579629629629632
3 0.46000520833333336 0.47032407407407406 0.041999999999999996 0.08997222222222219
3 0.5959010416666667 0.3594074074074074 0.04397916666666664 0.09873148148148153
3 0.5281666666666667 0.7653148148148148 0.04558333333333327 0.08350000000000016
3 0.6817500000000001 0.8424814814814814 0.04819791666666653 0.08285185185185197
9 0.5975364583333334 0.5058796296296296 0.04358333333333331 0.08903703703703705
9 0.5194166666666666 0.5108611111111111 0.040427083333333336 0.0860185185185186
9 0.8246041666666667 0.44149074074074074 0.04685416666666668 0.09521296296296305
8 0.5417083333333335 0.3706296296296296 0.05245312500000008 0.11949999999999995
9 0.6725364583333333 0.5225833333333333 0.04120833333333333 0.08824999999999995
3 0.5512239583333334 0.26448148148148143 0.03902083333333337 0.09355555555555549
3 0.6940885416666667 0.3219444444444444 0.04341666666666662 0.09424999999999994
9 0.72834375 0.3822592592592592 0.04263020833333329 0.09101851851851847
9 0.4830052083333333 0.6041111111111112 0.03814583333333328 0.08694444444444448
9 0.5104791666666667 0.26691666666666664 0.03475520833333334 0.09132407407407407
6 0.7545833333333334 0.5033148148148148 0.05750000000000011 0.1132962962962962
6 0.6122916666666667 0.772685185185185 0.06291666666666665 0.10758333333333338
9 0.7471875000000001 0.2506111111111111 0.04104166666666664 0.10049074074074069
11 0.6631250000000001 0.4266759259259259 0.04458333333333329 0.1007500000000001
11 0.5544791666666666 0.6138425925925927 0.04729166666666664 0.10841666666666659
10 0.7702083333333334 0.7088055555555555 0.06374999999999993 0.13168518518518527
2 0.6433333333333333 0.16212037037037036 0.0466666666666665 0.12350000000000003
2 0.40447916666666667 0.5229351851851851 0.055625000000000036 0.1155092592592592
3 0.639859375 0.267537037037037 0.0515260416666667 0.09033333333333336
8 0.6911458333333333 0.7260277777777778 0.065625 0.10316666666666663
0 0.8463541666666666 0.6917777777777777 0.059375 0.1124444444444445
0 0.7204166666666667 0.6064351851851851 0.050833333333333286 0.09361111111111108
5 0.6319791666666668 0.6088425925925925 0.05062500000000014 0.10953703703703704
1 0.7039583333333334 0.20024999999999998 0.046250000000000034 0.14790740740740735
4 0.81875 0.5694074074074075 0.0625 0.12325925925925911
5 0.4379166666666666 0.6123611111111111 0.04083333333333332 0.1054537037037038
7 0.7941666666666667 0.3068888888888889 0.06166666666666672 0.15376851851851855