10 0.38467708333333334 0.5871574074074074 0.03943229166666669 0.1805092592592593
3 0.31378125000000007 0.5344722222222222 0.040244791666666654 0.10949074074074079
2 0.5542291666666668 0.44251851851851853 0.05435937500000012 0.16377777777777772
11 0.5848020833333334 0.2528148148148148 0.05883854166666662 0.17236111111111108
8 0.036374999999999956 0.13846296296296295 0.07101562500000007 0.19193518518518518
5 0.47546354166666677 0.570462962962963 0.04632291666666664 0.13252777777777772
9 0.15473437499999995 0.3986296296296296 0.04855729166666656 0.12182407407407396
1 0.43060937500000007 0.25054629629629627 0.059755208333333344 0.24978703703703692
0 0.28859375 0.42607407407407405 0.049260416666666626 0.1670185185185185
6 0.26282291666666663 0.2886759259259259 0.03746875000000003 0.17153703703703702
4 0.42713020833333337 0.47059259259259256 0.04790104166666662 0.19194444444444436
7 0.31265625 0.21105555555555552 0.05846875000000011 0.2568796296296295