8 0.6264479166666665 0.2043796296296296 0.07501041666666666 0.16335185185185186
1 0.4179322916666666 0.3578888888888888 0.07125520833333332 0.21284259259259258
4 0.554453125 0.7528055555555555 0.05616145833333323 0.19022222222222226
6 0.554328125 0.4603611111111111 0.05471874999999997 0.16799074074074064
3 0.8743489583333333 0.8054166666666667 0.03718749999999993 0.12251851851851857
9 0.7131927083333333 0.6686481481481481 0.04898437500000004 0.1275
11 0.9377083333333334 0.4243333333333333 0.06753125000000004 0.1703333333333333
5 0.8324635416666666 0.1996018518518518 0.07119791666666657 0.1726203703703703
7 0.9027395833333334 0.6910555555555555 0.06277604166666677 0.24006481481481484
2 0.40368750000000003 0.5881481481481482 0.06553124999999996 0.14739814814814814
10 0.7343333333333334 0.4624814814814815 0.06763020833333329 0.2054722222222223
0 0.5063958333333333 0.12373148148148146 0.066609375 0.16996296296296295