5 0.599234375 0.27746296296296297 0.05520312499999989 0.15437037037037044
2 0.1311145833333333 0.3687129629629629 0.07330208333333332 0.22580555555555556
3 0.8175260416666668 0.47648148148148145 0.07055208333333338 0.20900925925925928
6 0.34997395833333333 0.30953703703703705 0.049260416666666626 0.2125648148148148
8 0.43799479166666666 0.27409259259259255 0.0581666666666667 0.1730925925925926
1 0.22995312499999998 0.24714814814814814 0.0508177083333333 0.2807592592592592
11 0.7213749999999999 0.3137037037037037 0.048843750000000165 0.16836111111111116
4 0.2881458333333333 0.38459259259259254 0.05502083333333339 0.33447222222222217
3 0.5355729166666666 0.4191111111111111 0.06073437500000001 0.1742962962962963
4 0.54078125 0.2761296296296296 0.0503177083333334 0.24635185185185182
7 0.7650572916666667 0.3062870370370371 0.0648385416666665 0.35605555555555557