7 0.6548177083333333 0.7631574074074075 0.07255729166666658 0.2539444444444443
0 0.32579166666666665 0.5096666666666667 0.06000520833333338 0.17961111111111103
3 0.6030572916666666 0.42568518518518517 0.04808854166666663 0.1303888888888889
3 0.226734375 0.6706851851851852 0.05489062499999999 0.13725925925925916
6 0.12307291666666667 0.508712962962963 0.06653125000000001 0.18122222222222226
6 0.6042343750000001 0.1532962962962963 0.04628125000000001 0.15344444444444447
4 0.5613385416666666 0.7866574074074074 0.07192708333333328 0.22914814814814816
1 0.4610833333333333 0.37021296296296297 0.046463541666666684 0.22662962962962957
9 0.20586979166666666 0.4650925925925925 0.05048958333333333 0.12774074074074077
0 0.48888020833333334 0.08575925925925926 0.025406249999999984 0.08380555555555552
10 0.49539583333333326 0.2810185185185185 0.04187500000000011 0.18757407407407417
9 0.4961458333333333 0.15768518518518518 0.019374999999999965 0.05537037037037038