2 0.3003333333333333 0.3746203703703703 0.0654010416666666 0.13005555555555554
2 0.6815468749999999 0.4388888888888889 0.05919791666666665 0.12743518518518518
3 0.7644114583333333 0.303537037037037 0.042593750000000166 0.10687962962962962
10 0.8014114583333333 0.8068148148148148 0.06661979166666657 0.15097222222222229
9 0.34902083333333334 0.20812962962962966 0.04158854166666659 0.10312037037037038
5 0.2711145833333333 0.0720462962962963 0.05042187499999997 0.11630555555555556
3 0.838140625 0.5617962962962963 0.0522708333333334 0.10472222222222219
0 0.27496875000000004 0.6094444444444445 0.058114583333333324 0.12441666666666656
5 0.4867968749999999 0.0757962962962963 0.04335416666666667 0.11749074074074074
0 0.41308854166666664 0.610287037037037 0.0527708333333333 0.12328703703703717
6 0.687640625 0.6907037037037037 0.05439583333333342 0.12621296296296297
8 0.5362291666666665 0.46338888888888885 0.05179166666666664 0.12887037037037033
11 0.640734375 0.09088888888888888 0.042671874999999915 0.1246574074074074
11 0.7664687499999999 0.15430555555555556 0.052671875000000055 0.12485185185185182
6 0.6220625 0.23885185185185182 0.04401041666666661 0.13169444444444445
9 0.4990520833333333 0.96125 0.05504687500000003 0.07749999999999993
8 0.5080625 0.24834259259259256 0.046869791666666674 0.14541666666666667
4 0.3093541666666667 0.8362777777777777 0.0716145833333333 0.14999074074074076
7 0.5558333333333334 0.7252777777777777 0.05333333333333332 0.14612037037037034
1 0.425 0.28318518518518515 0.05833333333333335 0.16563888888888886