2 0.3189791666666667 0.3356666666666666 0.0583697916666666 0.15567592592592588
8 0.6522239583333332 0.2573240740740741 0.06566145833333348 0.14471296296296296
3 0.8120729166666667 0.721324074074074 0.06368750000000008 0.14217592592592584
2 0.712625 0.39797222222222217 0.06405208333333334 0.15819444444444442
9 0.41884895833333335 0.2175925925925926 0.04010416666666665 0.11235185185185188
8 0.4587447916666666 0.746037037037037 0.07011458333333334 0.1852037037037036
5 0.6796041666666666 0.15017592592592593 0.04940104166666668 0.12363888888888887
3 0.181734375 0.5714907407407408 0.05869791666666666 0.14237037037037037
11 0.28925 0.10535185185185184 0.045859374999999945 0.1302037037037037
0 0.36471875 0.9217592592592592 0.07410416666666668 0.15510185185185194
5 0.11484895833333333 0.4120833333333333 0.061812500000000006 0.1635648148148148
0 0.3827708333333333 0.08520370370370373 0.04292187500000004 0.1493611111111111
9 0.337375 0.5361296296296296 0.05233333333333334 0.1338425925925926
6 0.20508333333333334 0.2303425925925926 0.05132812499999995 0.1593333333333333
10 0.6183333333333334 0.5422314814814815 0.066015625 0.20663888888888884
11 0.19996874999999997 0.7994259259259258 0.07615104166666668 0.18612962962962962
4 0.489234375 0.5009537037037036 0.05540104166666673 0.20024999999999993
6 0.5866666666666667 0.9344444444444444 0.07333333333333343 0.13111111111111093
7 0.49458333333333326 0.3163333333333333 0.04249999999999989 0.13785185185185184
1 0.5332291666666666 0.11378703703703703 0.05187499999999989 0.20831481481481479