0 0.7367083333333333 0.2879907407407407 0.05395833333333329 0.17281481481481475
1 0.6405312500000001 0.14902777777777776 0.04539583333333326 0.20863888888888893
8 0.3483229166666667 0.17890740740740738 0.04342187499999994 0.11827777777777773
11 0.30155729166666667 0.37963888888888886 0.04282291666666662 0.1537314814814814
6 0.8126927083333333 0.42260185185185184 0.05882812500000014 0.18874999999999997
2 0.7157604166666667 0.6745648148148148 0.07390624999999992 0.19374074074074074
7 0.39973958333333337 0.4396296296296296 0.05776041666666672 0.24797222222222218
4 0.53915625 0.3403981481481481 0.053322916666666664 0.20110185185185195
9 0.44424479166666675 0.7017685185185185 0.05693229166666658 0.1596296296296297
5 0.5257760416666667 0.20450925925925925 0.04229687500000008 0.06411111111111115
10 0.6188750000000001 0.4823148148148148 0.05671874999999993 0.23023148148148145
3 0.3414010416666667 0.2930277777777778 0.039067708333333506 0.11992592592592588