9 0.4647447916666666 0.18487037037037035 0.042703125000000064 0.08177777777777777
7 0.5357135416666666 0.44863888888888886 0.042031249999999964 0.12967592592592594
5 0.26203645833333333 0.4953888888888888 0.04906250000000005 0.1043796296296296
3 0.738359375 0.6835277777777777 0.04009374999999995 0.09114814814814823
3 0.3390625 0.6136574074074074 0.038541666666666696 0.09694444444444454
5 0.7422916666666667 0.03351851851851852 0.061249999999999895 0.06703703703703703
9 0.43083333333333335 0.5723703703703703 0.036666666666666715 0.08474999999999998
6 0.2825 0.28023148148148147 0.04833333333333334 0.10047222222222219
6 0.584375 0.8506203703703703 0.039583333333333394 0.11161111111111097
2 0.3952083333333333 0.390574074074074 0.05291666666666659 0.09892592592592596
2 0.7139583333333333 0.4176018518518518 0.04874999999999989 0.11594444444444447
1 0.5767708333333333 0.06974074074074073 0.051458333333333425 0.12762037037037038
4 0.533125 0.5757037037037037 0.04541666666666675 0.1284351851851852
10 0.6224999999999999 0.6051388888888888 0.04500000000000011 0.13175
11 0.38208333333333333 0.7723148148148147 0.03916666666666666 0.09943518518518538
11 0.3171875 0.0412037037037037 0.0572916666666667 0.0824074074074074
8 0.5185416666666667 0.7397222222222221 0.04124999999999997 0.12315740740740742
8 0.6855208333333334 0.2308055555555555 0.052291666666666715 0.10161111111111107
0 0.4755208333333333 0.8433981481481482 0.040625 0.10828703703703708