9 0.6882291666666667 0.4132407407407407 0.04645833333333336 0.1257500000000001
9 0.7366666666666667 0.5722962962962963 0.060000000000000143 0.12162962962962953
9 0.7383333333333334 0.23160185185185184 0.040000000000000036 0.10690740740740744
9 0.5226041666666668 0.1516111111111111 0.031874999999999966 0.10989814814814815
9 0.4217708333333333 0.18179629629629626 0.03354166666666671 0.09988888888888883
9 0.3794791666666667 0.0888425925925926 0.03895833333333343 0.09917592592592589
9 0.418125 0.5719259259259258 0.042916666666666714 0.11348148148148138
9 0.49729166666666663 0.5245277777777777 0.042916666666666714 0.10757407407407413
3 0.7063541666666667 0.12569444444444444 0.03937500000000007 0.10249999999999998
3 0.615 0.16420370370370369 0.036666666666666715 0.10544444444444447
3 0.475 0.09291666666666666 0.033333333333333395 0.09991666666666667
3 0.3321875 0.22771296296296295 0.03770833333333332 0.10284259259259261
3 0.29750000000000004 0.12532407407407406 0.03833333333333329 0.1091666666666667
3 0.2811458333333333 0.5593333333333333 0.052291666666666715 0.11792592592592589
3 0.7615624999999999 0.7633796296296296 0.04979166666666668 0.11861111111111092
3 0.5808333333333333 0.35343518518518513 0.046666666666666676 0.10613888888888884
2 0.6532291666666667 0.30307407407407405 0.05812500000000007 0.13874074074074072
2 0.6486458333333334 0.05885185185185186 0.05062500000000014 0.11769444444444446
0 0.5898958333333334 0.47100925925925924 0.05145833333333325 0.13758333333333342
0 0.4613541666666666 0.3947222222222222 0.04604166666666672 0.14797222222222234
1 0.6336458333333334 0.6383888888888889 0.055625000000000036 0.20567592592592612
4 0.4013541666666667 0.28344444444444444 0.04937500000000004 0.16614814814814816
10 0.2814583333333334 0.32547222222222216 0.04958333333333318 0.16502777777777786
11 0.1866666666666667 0.4158333333333333 0.05999999999999987 0.13833333333333336
5 0.14197916666666668 0.5495185185185185 0.06395833333333342 0.14644444444444452
6 0.31083333333333335 0.7076481481481481 0.06166666666666672 0.1441851851851851
6 0.36000000000000004 0.45638888888888884 0.054999999999999896 0.14906481481481487
7 0.4847916666666666 0.6680185185185186 0.06791666666666671 0.20566666666666655
8 0.5063541666666668 0.2743703703703704 0.04770833333333328 0.13689814814814813
11 0.5743750000000001 0.23030555555555554 0.047083333333333324 0.1302407407407407