2 0.7402135416666666 0.18566666666666667 0.060531249999999835 0.1366388888888889
5 0.8468802083333333 0.4358611111111111 0.06485937499999998 0.1798796296296296
2 0.6906614583333333 0.2683425925925926 0.05669791666666679 0.15313888888888888
6 0.6421875 0.42184259259259255 0.05729166666666661 0.20221296296296296
11 0.5369791666666666 0.5012685185185185 0.059375 0.17957407407407402
9 0.27208333333333334 0.4436944444444444 0.05249999999999995 0.1496203703703704
6 0.3458333333333333 0.4446203703703704 0.058333333333333307 0.19219444444444445
9 0.78125 0.546074074074074 0.0625 0.17288888888888893
1 0.37322916666666667 0.14359259259259258 0.048541666666666664 0.19015740740740736
4 0.4454166666666667 0.4061018518518518 0.04916666666666671 0.23369444444444443
0 0.4916666666666666 0.21636111111111106 0.04166666666666661 0.15419444444444444
7 0.303125 0.2809537037037037 0.0520833333333333 0.22043518518518515
9 0.7454166666666666 0.36761111111111106 0.04916666666666671 0.14188888888888884
8 0.41729166666666667 0.22525 0.047083333333333366 0.1275277777777777
9 0.6347916666666666 0.24006481481481476 0.03208333333333328 0.11271296296296293
3 0.5853124999999999 0.31133333333333335 0.039374999999999896 0.11822222222222231
3 0.8040624999999999 0.32855555555555555 0.04354166666666659 0.11932407407407411
3 0.7966666666666665 0.2728333333333333 0.026666666666666484 0.10047222222222219
3 0.781875 0.23432407407407405 0.03458333333333332 0.11234259259259258
9 0.36635416666666665 0.29770370370370364 0.04312499999999995 0.11688888888888885
9 0.47572916666666665 0.4075 0.04104166666666664 0.1253796296296296
10 0.5502083333333333 0.35732407407407407 0.050416666666666644 0.21389814814814814
3 0.6284374999999999 0.16753703703703704 0.03395833333333318 0.08989814814814817
0 0.5556249999999999 0.24104629629629626 0.02791666666666668 0.14431481481481484