9 0.7125520833333333 0.7406759259259259 0.05139583333333331 0.0818333333333332
3 0.29985416666666664 0.6859907407407407 0.05089583333333332 0.07909259259259266
9 0.44645833333333335 0.06847222222222221 0.04974479166666672 0.08660185185185185
3 0.7173958333333333 0.1920555555555555 0.05028645833333343 0.08507407407407407
3 0.7179947916666667 0.19133333333333333 0.05027604166666677 0.08460185185185186
9 0.5271354166666666 0.4702962962962963 0.05633333333333344 0.09389814814814818
4 0.5089270833333334 0.8541203703703704 0.05043229166666663 0.11758333333333344
0 0.7707291666666667 0.18249074074074073 0.05187499999999989 0.09756481481481481
0 0.5141666666666667 0.08159259259259259 0.04500000000000011 0.09207407407407406
10 0.4883333333333333 0.37632407407407403 0.05166666666666675 0.08893518518518514
1 0.46322916666666664 0.8004537037037036 0.04520833333333325 0.1112685185185187
6 0.7104166666666666 0.6401296296296296 0.054166666666666606 0.09433333333333328
6 0.3279166666666667 0.5968055555555555 0.047500000000000056 0.08917592592592583