3 0.786734375 0.7354722222222222 0.05755208333333321 0.09131481481481482
3 0.3227708333333334 0.2519259259259259 0.04761458333333337 0.10167592592592598
9 0.3312135416666667 0.8403148148148147 0.05610416666666662 0.09019444444444452
9 0.5968072916666667 0.11626851851851851 0.04721354166666671 0.1043148148148148
0 0.5294583333333334 0.12547222222222218 0.051427083333333276 0.12725
10 0.5676302083333333 0.3998055555555556 0.05659895833333337 0.11385185185185188
6 0.7520416666666667 0.6404629629629629 0.06379687499999989 0.10498148148148154
0 0.26875 0.23746296296296293 0.054166666666666606 0.12974999999999995
4 0.5700000000000001 0.934111111111111 0.05999999999999996 0.10452777777777776
1 0.6191666666666666 0.864324074074074 0.0700000000000001 0.10197222222222233
6 0.3345833333333334 0.7213981481481481 0.05583333333333318 0.09762037037037033
7 0.5307656250000001 0.5097592592592592 0.052088541666666724 0.1216851851851852