3 0.9498906250000001 0.6464166666666666 0.0604739583333334 0.15246296296296294
3 0.35681250000000003 0.6125185185185185 0.05071354166666655 0.15345370370370373
0 0.29876041666666664 0.5898981481481482 0.06188541666666669 0.20612037037037018
0 0.5267552083333333 0.5202407407407408 0.05006770833333327 0.17151851851851851
7 0.6381927083333334 0.5764444444444444 0.04852604166666659 0.28810185185185194
6 0.48520833333333335 0.7230462962962961 0.03541666666666661 0.26015740740740734
9 0.5273958333333334 0.8096944444444445 0.05145833333333325 0.19346296296296292
9 0.5779166666666666 0.5270092592592591 0.03583333333333325 0.11624999999999991
4 0.8490624999999999 0.7010092592592593 0.05812500000000007 0.30719444444444455
9 0.49312500000000004 0.7186388888888888 0.007083333333333286 0.000499999999999861
6 0.8901041666666666 0.5220185185185184 0.0252083333333335 0.055157407407407294