3 0.21291666666666664 0.4523148148148148 0.050833333333333355 0.11870370370370374
3 0.23979166666666663 0.37769444444444444 0.050416666666666644 0.11390740740740739
3 0.28291666666666665 0.28474074074074074 0.04083333333333332 0.11319444444444444
3 0.5556249999999999 0.3526944444444444 0.04041666666666668 0.1194722222222222
3 0.5549999999999999 0.7144999999999999 0.05166666666666657 0.13936111111111107
3 0.48166666666666663 0.7996666666666666 0.054999999999999896 0.13193518518518518
3 0.2891666666666667 0.717648148148148 0.05333333333333332 0.12713888888888883
9 0.19604166666666664 0.670611111111111 0.054583333333333296 0.1293796296296296
9 0.3601041666666666 0.47619444444444436 0.04312499999999995 0.11832407407407398
9 0.42093749999999996 0.64025 0.048125000000000064 0.1279074074074073
9 0.673125 0.4519444444444444 0.04208333333333343 0.12537037037037035
9 0.5794791666666665 0.2503055555555555 0.03604166666666657 0.09616666666666668
9 0.40854166666666664 0.10291666666666666 0.029583333333333295 0.09768518518518515
9 0.3520833333333333 0.2503055555555555 0.0375 0.11098148148148144
5 0.32666666666666666 0.15364814814814814 0.04500000000000002 0.11767592592592596
5 0.6216666666666666 0.3186296296296296 0.04333333333333318 0.14021296296296298
8 0.41208333333333336 0.2665925925925926 0.057500000000000065 0.1435648148148148
8 0.6136458333333333 0.5547037037037037 0.054375000000000104 0.17162962962962955
6 0.6805208333333332 0.18605555555555553 0.042291666666666575 0.15654629629629632
6 0.46125 0.1714259259259259 0.047499999999999966 0.1532222222222222
10 0.5149999999999999 0.21641666666666665 0.046666666666666676 0.17283333333333334
11 0.5448958333333334 0.13439814814814813 0.04187500000000011 0.12360185185185184
11 0.3726041666666666 0.14494444444444443 0.04312499999999995 0.12619444444444447
4 0.6067708333333333 0.17327777777777775 0.044791666666666605 0.16432407407407407
0 0.4604166666666666 0.4489814814814815 0.04583333333333339 0.16387962962962963
2 0.33368229166666663 0.36144444444444446 0.05759895833333326 0.11472222222222221
2 0.181609375 0.5363611111111111 0.05618749999999997 0.13657407407407413
0 0.5190625 0.5502592592592592 0.05687499999999997 0.1775555555555556
1 0.6702083333333333 0.7354166666666667 0.06958333333333329 0.23675000000000004
7 0.7353124999999999 0.3425092592592593 0.04770833333333328 0.21389814814814814