1 0.43497916666666664 0.2979444444444444 0.06325520833333335 0.2709351851851851
10 0.5257239583333332 0.6344444444444445 0.04371875000000003 0.1876944444444444
4 0.5820416666666667 0.5317037037037037 0.0519479166666665 0.20219444444444434
2 0.48054687499999993 0.6922037037037037 0.040703125000000104 0.14191666666666675
7 0.7008281249999999 0.6411296296296296 0.04381770833333345 0.22070370370370365
5 0.5915468749999999 0.3446666666666667 0.054375000000000104 0.16401851851851848
0 0.37190104166666665 0.44388888888888883 0.05118749999999998 0.18326851851851858
6 0.360546875 0.5665833333333332 0.041703124999999994 0.15463888888888894
8 0.8552031249999998 0.26087037037037036 0.06978125000000013 0.1973333333333334
3 0.8139166666666666 0.39322222222222225 0.05665104166666666 0.1410462962962964
5 0.8115052083333332 0.5204259259259258 0.05530208333333313 0.16087962962962968
3 0.645296875 0.6926388888888888 0.03885937500000001 0.10714814814814828