5 0.43123958333333334 0.6364351851851852 0.04692187499999996 0.1251759259259259
5 0.6099166666666667 0.6351759259259259 0.04765625 0.12187037037037021
3 0.5301458333333333 0.319537037037037 0.03367187499999993 0.08875925925925926
8 0.7533593749999999 0.643074074074074 0.051046875000000116 0.1349074074074074
9 0.6390989583333333 0.2959722222222222 0.027000000000000135 0.08010185185185187
2 0.666015625 0.5335555555555556 0.04128645833333326 0.12215740740740746
3 0.6298593749999999 0.3707222222222222 0.03207291666666663 0.09000000000000005
2 0.47497395833333333 0.23157407407407404 0.03735416666666662 0.0976203703703704
11 0.5594947916666666 0.4596481481481482 0.03607812500000005 0.11091666666666669
6 0.5342343749999999 0.58 0.04149479166666677 0.14026851851851851
11 0.5948489583333332 0.2479907407407407 0.03220312500000002 0.09794444444444442
9 0.42509895833333333 0.4876759259259259 0.038588541666666566 0.09315740740740731
8 0.35166145833333334 0.5467870370370369 0.04762500000000003 0.11218518518518532
7 0.41729166666666667 0.2948518518518518 0.03875000000000006 0.14822222222222223
4 0.38125 0.3983425925925925 0.0375 0.13668518518518513
10 0.6992708333333333 0.37835185185185183 0.02979166666666657 0.1411388888888889
0 0.7738541666666666 0.32817592592592587 0.03729166666666668 0.12599074074074074
6 0.5055208333333333 0.3816851851851852 0.033958333333333354 0.11077777777777777
1 0.7022916666666668 0.21802777777777774 0.03375000000000004 0.15382407407407406