9 0.340796875 0.4782592592592592 0.035421875000000026 0.07370370370370362
3 0.399390625 0.4918888888888888 0.036026041666666765 0.07890740740740748
9 0.5251979166666667 0.2678888888888889 0.0307500000000001 0.08744444444444442
3 0.44903125 0.4878981481481481 0.03369791666666675 0.0786944444444444
5 0.6613541666666667 0.30393518518518514 0.03729166666666668 0.10341666666666671
2 0.5054166666666666 0.6217962962962962 0.044166666666666646 0.11323148148148145
2 0.4691666666666666 0.2567222222222222 0.03833333333333329 0.09419444444444444
11 0.571875 0.3802037037037037 0.03125 0.0930092592592593
11 0.5077083333333332 0.4313055555555555 0.02791666666666668 0.07668518518518523
0 0.35635416666666664 0.4039074074074074 0.03562500000000002 0.09595370370370375
0 0.5575 0.5420092592592592 0.03166666666666682 0.09809259259259259
10 0.59625 0.4607407407407408 0.03416666666666668 0.10962037037037047
7 0.41666666666666663 0.28430555555555553 0.04166666666666661 0.11601851851851848
6 0.3940625 0.3544722222222222 0.031874999999999966 0.09709259259259255
1 0.47833333333333333 0.3665 0.03166666666666664 0.11745370370370378
5 0.3567708333333333 0.6068055555555555 0.0364583333333333 0.08694444444444448
8 0.3208333333333333 0.5590462962962963 0.0416666666666667 0.08771296296296292
8 0.4994583333333333 0.505611111111111 0.04240624999999998 0.08289814814814807
4 0.43528124999999995 0.5868240740740741 0.04145312499999996 0.10839814814814809
6 0.3974375 0.5707685185185184 0.03422916666666662 0.08643518518518505