3 0.43576562500000005 0.3068611111111111 0.029713541666666822 0.08638888888888888
5 0.38353125000000005 0.6232777777777778 0.04728125000000016 0.12320370370370361
2 0.48242708333333334 0.22024999999999997 0.03647916666666671 0.10133333333333339
8 0.24396875000000007 0.6434722222222222 0.04946874999999995 0.13793518518518527
5 0.5561822916666668 0.60525 0.043671874999999895 0.1194907407407407
9 0.327328125 0.29289814814814813 0.026203124999999973 0.08429629629629629
3 0.3414843750000001 0.36607407407407405 0.02907812500000002 0.08966666666666676
11 0.3662500000000001 0.24162037037037035 0.030447916666666686 0.09693518518518512
9 0.5516822916666667 0.46099999999999997 0.03365104166666662 0.09176851851851843
11 0.4190989583333334 0.44565740740740734 0.03896875000000009 0.11062962962962959
10 0.27634375 0.38011111111111107 0.034510416666666724 0.1429629629629629
6 0.4613072916666667 0.3703888888888888 0.03330729166666657 0.11719444444444443
6 0.45395312499999996 0.5615648148148148 0.03998437500000005 0.12819444444444453
2 0.32541666666666663 0.5290462962962963 0.04083333333333332 0.12401851851851863
8 0.6233333333333333 0.5146111111111111 0.04500000000000011 0.1025555555555556
0 0.19250000000000006 0.3305833333333333 0.03166666666666673 0.12710185185185183
7 0.5447916666666667 0.27356481481481476 0.039583333333333394 0.14638888888888885
4 0.5879166666666666 0.3690925925925926 0.04083333333333332 0.13003703703703703
1 0.26083333333333336 0.22024074074074074 0.036666666666666715 0.15826851851851859
0 0.30603645833333337 0.433037037037037 0.026203124999999973 0.08737037037037033