3 0.5381197916666667 0.2916759259259259 0.031562499999999896 0.0872314814814815
3 0.6402447916666667 0.3400462962962963 0.030651041666666677 0.09125925925925915
5 0.45054687499999996 0.6062685185185185 0.044343749999999994 0.12559259259259253
9 0.6484114583333334 0.26552777777777775 0.028484375000000027 0.08165740740740743
5 0.63090625 0.6014444444444444 0.04536979166666679 0.12313888888888884
11 0.600609375 0.22147222222222218 0.032052083333333314 0.09926851851851853
6 0.5526249999999999 0.5509537037037037 0.04122916666666665 0.14016666666666677
11 0.5719479166666667 0.4298518518518519 0.03681770833333342 0.1114351851851852
8 0.77434375 0.6010925925925925 0.05309895833333318 0.13399074074074077
6 0.52028125 0.3514351851851852 0.03603124999999992 0.12356481481481478
2 0.4791510416666666 0.2076111111111111 0.03559374999999996 0.09950925925925923
2 0.6815624999999998 0.49924074074074065 0.04020833333333318 0.1125555555555555
8 0.3679166666666666 0.5264537037037037 0.05249999999999995 0.1114351851851852
9 0.4377083333333333 0.46092592592592596 0.03791666666666664 0.0914814814814815
7 0.4231249999999999 0.2706018518518518 0.04208333333333325 0.1552777777777778
4 0.39177083333333335 0.37279629629629624 0.03979166666666671 0.1374444444444445
0 0.7870833333333334 0.28986111111111107 0.032500000000000015 0.11972222222222229
10 0.7108333333333332 0.34336111111111106 0.029999999999999895 0.13412962962962965
1 0.709375 0.18821296296296294 0.03125 0.15717592592592589
0 0.6886510416666667 0.4001944444444444 0.02472395833333323 0.08676851851851855