3 0.6012187499999999 0.313037037037037 0.02797916666666662 0.08539814814814817
2 0.39334375 0.2521851851851852 0.035859374999999936 0.10923148148148146
3 0.48371875 0.3063148148148148 0.027739583333333328 0.08354629629629634
9 0.57653125 0.24806481481481485 0.02720312499999995 0.07641666666666665
8 0.8262812499999999 0.4640648148148148 0.04494791666666664 0.11784259259259262
11 0.5150625 0.22346296296296295 0.030864583333333327 0.0920833333333333
11 0.5856874999999999 0.4090185185185185 0.03596874999999997 0.10820370370370366
6 0.6229687499999998 0.5167129629629629 0.03971354166666661 0.13212037037037036
6 0.5084114583333333 0.36754629629629626 0.032567708333333376 0.11818518518518518
8 0.4331979166666667 0.5764444444444444 0.047338541666666775 0.12489814814814808
2 0.7129114583333334 0.41898148148148145 0.04187500000000011 0.10540740740740738
9 0.47041666666666665 0.49239814814814814 0.032500000000000105 0.08775925925925918
0 0.7114583333333333 0.22247222222222218 0.027083333333333393 0.11827777777777773
1 0.6141666666666666 0.1632222222222222 0.02833333333333332 0.1479351851851852
10 0.6708333333333333 0.2806018518518518 0.025 0.12342592592592594
4 0.39031249999999995 0.43407407407407406 0.03270833333333334 0.1303703703703704
5 0.5532291666666667 0.6081018518518518 0.04187500000000011 0.12286111111111116
5 0.7091666666666666 0.5214629629629629 0.03499999999999996 0.09774074074074074
7 0.3715677083333333 0.30594444444444446 0.026187499999999985 0.10896296296296294
0 0.6885364583333333 0.3374259259259259 0.018390624999999973 0.07980555555555549