5 0.48158854166666665 0.6298333333333334 0.043739583333333346 0.1223888888888889
5 0.6528697916666666 0.5763703703703704 0.04336979166666666 0.12476851851851857
2 0.4097864583333333 0.2539074074074074 0.03713541666666664 0.1038888888888889
9 0.4326510416666666 0.504175925925926 0.03682291666666675 0.09412037037037035
3 0.5956197916666666 0.3445833333333333 0.02966145833333318 0.08617592592592586
8 0.7836666666666666 0.5444907407407407 0.056208333333333284 0.12623148148148147
11 0.5580364583333333 0.4381666666666667 0.036062499999999886 0.10620370370370374
8 0.37699999999999995 0.5719351851851852 0.04887499999999991 0.1179537037037038
11 0.533703125 0.24260185185185182 0.030239583333333365 0.0921111111111111
9 0.586828125 0.2768888888888889 0.026880208333333398 0.07870370370370373
2 0.6775 0.47036111111111106 0.03833333333333329 0.09925000000000005
4 0.35989062499999996 0.4275185185185185 0.03081770833333337 0.13831481481481486
0 0.7204166666666667 0.27523148148148147 0.032500000000000105 0.11639814814814815
1 0.6355208333333333 0.19802777777777775 0.03562500000000011 0.14347222222222225
6 0.48999999999999994 0.3829814814814815 0.029999999999999895 0.10225925925925926
6 0.5671875 0.5525555555555555 0.03229166666666661 0.1154907407407407
7 0.37583333333333335 0.3176296296296296 0.03500000000000005 0.13821296296296295
3 0.48293749999999996 0.30210185185185184 0.020645833333333384 0.04907407407407405
10 0.6690989583333333 0.30700925925925926 0.028041666666666742 0.08201851851851853
0 0.6660520833333333 0.38343518518518516 0.024380208333333365 0.07592592592592591