3 0.5765989583333333 0.26735185185185184 0.028119791666666494 0.08263888888888889
5 0.5616197916666665 0.5791203703703705 0.044218750000000105 0.12557407407407403
8 0.687875 0.6358148148148147 0.053437499999999895 0.14170370370370367
2 0.5506614583333332 0.17250000000000001 0.03409895833333323 0.09695370370370367
0 0.6718645833333333 0.4392685185185185 0.036416666666666764 0.12488888888888883
5 0.4086302083333333 0.5190277777777776 0.039984375 0.11509259259259261
2 0.641546875 0.5035833333333333 0.043848958333333424 0.12649074074074065
9 0.6829531249999999 0.2776018518518519 0.030213541666666722 0.0792314814814815
8 0.3661822916666667 0.42014814814814816 0.044442708333333324 0.10725000000000004
9 0.4426458333333333 0.39099999999999996 0.035041666666666596 0.08778703703703697
3 0.653734375 0.3449907407407407 0.03238020833333337 0.08847222222222216
11 0.5632187500000001 0.40852777777777777 0.03813020833333329 0.10378703703703707
0 0.8035729166666666 0.3490277777777777 0.037114583333333416 0.1256574074074074
6 0.5072916666666666 0.5053796296296296 0.04019270833333337 0.12662962962962956
11 0.6561145833333333 0.21825925925925926 0.030281249999999992 0.09549999999999999
4 0.4247916666666667 0.29321296296296295 0.03858333333333323 0.13177777777777777
7 0.478296875 0.21263888888888888 0.03438020833333333 0.14277777777777778
6 0.5377656249999999 0.3194907407407407 0.029666666666666685 0.10972222222222218
10 0.7076041666666666 0.37075925925925923 0.038124999999999964 0.14448148148148146
1 0.7560416666666666 0.22912962962962957 0.04124999999999997 0.1612222222222222