9 0.52225 0.18283333333333332 0.03473958333333336 0.08357407407407409
3 0.5769062500000001 0.45363888888888887 0.03650520833333335 0.07990740740740737
3 0.5361458333333333 0.5225648148148149 0.03544270833333343 0.07491666666666674
9 0.47941666666666666 0.5855185185185185 0.037812499999999895 0.07584259259259261
8 0.5126822916666666 0.6635092592592593 0.04267708333333324 0.10931481481481486
2 0.48107291666666663 0.2476944444444444 0.045187499999999936 0.10382407407407407
2 0.6970833333333333 0.4912870370370371 0.05250000000000003 0.10775000000000005
5 0.6580208333333333 0.06325925925925927 0.03895833333333343 0.09615740740740739
5 0.5706249999999999 0.6630833333333332 0.03708333333333318 0.08099074074074082
6 0.4621874999999999 0.4101944444444444 0.03895833333333325 0.08632407407407404
6 0.5809375 0.5801481481481481 0.04312500000000004 0.07807407407407396
11 0.6239583333333333 0.22062037037037033 0.04375 0.09236111111111112
11 0.5989583333333333 0.3344814814814815 0.03541666666666661 0.0867407407407408
10 0.6873958333333332 0.2546851851851852 0.04354166666666668 0.11603703703703706
0 0.4574999999999999 0.5007314814814815 0.04833333333333325 0.08589814814814818
1 0.5494791666666666 0.313 0.04270833333333339 0.13266666666666665
4 0.6291666666666667 0.5425648148148148 0.04166666666666661 0.10290740740740745
0 0.6970833333333333 0.369287037037037 0.04416666666666682 0.0970833333333333
8 0.6327083333333332 0.3963148148148148 0.03624999999999989 0.09928703703703705
7 0.4512656249999999 0.31121296296296297 0.03583854166666658 0.10199074074074067