3 0.53275 0.3045185185185185 0.03140625000000004 0.08810185185185186
3 0.6244375 0.36099074074074067 0.03238020833333337 0.08808333333333328
5 0.589703125 0.6202407407407408 0.046562500000000104 0.12197222222222229
5 0.4156979166666666 0.6097222222222223 0.04375 0.11779629629629637
8 0.7284947916666666 0.6325277777777777 0.049697916666666765 0.12960185185185194
2 0.48062499999999997 0.21574999999999997 0.034937500000000024 0.09860185185185186
9 0.6407760416666666 0.2878240740740741 0.027291666666666714 0.08164814814814818
2 0.6538802083333334 0.52275 0.04514583333333331 0.1256296296296297
11 0.5504270833333333 0.4448333333333333 0.040067708333333306 0.1077222222222223
9 0.4184479166666666 0.4640185185185185 0.03259375000000002 0.09019444444444452
8 0.34815625 0.5204166666666665 0.04510937499999992 0.11355555555555555
11 0.5975416666666666 0.23474074074074075 0.030833333333333178 0.09145370370370366
4 0.38145833333333334 0.3683518518518518 0.04208333333333325 0.1433703703703704
0 0.7710416666666667 0.3218888888888889 0.03791666666666682 0.12081481481481483
6 0.5025 0.36668518518518517 0.029999999999999895 0.11412037037037032
6 0.5167708333333334 0.5581111111111111 0.03979166666666671 0.13400000000000004
1 0.70375 0.21506481481481482 0.032500000000000105 0.14789814814814808
7 0.4216666666666667 0.2711574074074074 0.03499999999999996 0.14527777777777773
10 0.6891510416666666 0.37252777777777774 0.02980208333333323 0.14620370370370367