5 0.6329322916666666 0.5901574074074074 0.04454166666666666 0.12464814814814831
3 0.52359375 0.2891111111111111 0.03239062500000003 0.08798148148148144
5 0.4511354166666666 0.6050555555555556 0.04501041666666676 0.12717592592592583
8 0.7751927083333332 0.5815833333333333 0.05102604166666662 0.13404629629629627
2 0.45958333333333334 0.20827777777777776 0.039619791666666695 0.10696296296296294
9 0.4319427083333333 0.4645648148148148 0.03754687499999996 0.09511111111111113
2 0.6801614583333333 0.4855555555555555 0.04126041666666662 0.11741666666666661
9 0.6325104166666666 0.25428703703703703 0.027828124999999915 0.07499074074074075
3 0.6276354166666666 0.32931481481481484 0.030531249999999944 0.08987037037037042
11 0.5813541666666666 0.21178703703703702 0.033432291666666634 0.0974074074074074
11 0.5660677083333333 0.4199722222222222 0.03805208333333336 0.10208333333333333
8 0.36602083333333335 0.5303796296296296 0.05081249999999997 0.11870370370370374
10 0.6994635416666666 0.3337685185185185 0.030473958333333506 0.1423796296296296
0 0.7710416666666667 0.2781944444444444 0.03791666666666682 0.1223148148148148
4 0.3809166666666666 0.37487962962962956 0.04336458333333333 0.1378611111111111
7 0.40817708333333336 0.2719537037037037 0.04158854166666668 0.15381481481481482
6 0.5099479166666667 0.352037037037037 0.03347395833333326 0.11623148148148141
0 0.5519999999999999 0.5427962962962963 0.03811979166666664 0.13108333333333333
1 0.6902864583333332 0.17953703703703702 0.025947916666666692 0.15140740740740738
0 0.6812395833333333 0.3849444444444444 0.02442708333333332 0.0783518518518518