3 0.408703125 0.443537037037037 0.03608333333333338 0.07621296296296297
9 0.5332395833333333 0.22839814814814813 0.030067708333333342 0.0861666666666667
3 0.4609895833333333 0.44273148148148145 0.036901041666666676 0.07872222222222215
5 0.6691927083333333 0.26923148148148146 0.034713541666666715 0.09657407407407403
5 0.37 0.5603148148148147 0.0429322916666667 0.09406481481481468
0 0.36802083333333335 0.356324074074074 0.033958333333333354 0.0933888888888889
0 0.5666666666666667 0.49406481481481485 0.033333333333333395 0.08738888888888884
9 0.3483333333333333 0.43334259259259256 0.02999999999999998 0.06964814814814813
7 0.426875 0.23654629629629625 0.03291666666666675 0.11678703703703701
6 0.40020833333333333 0.30486111111111114 0.021250000000000036 0.0867592592592593
11 0.580625 0.3333703703703704 0.03208333333333328 0.09192592592592592
2 0.476875 0.21506481481481476 0.04124999999999997 0.10347222222222222
1 0.4888541666666667 0.32596296296296295 0.033958333333333354 0.10674074074074077
10 0.6057291666666667 0.4176018518518518 0.030208333333333393 0.10112962962962971
4 0.44788541666666665 0.5375185185185185 0.04095833333333339 0.11089814814814819
6 0.4098958333333333 0.522888888888889 0.03355208333333337 0.08814814814814818
8 0.5100520833333333 0.46040740740740743 0.04095833333333339 0.08182407407407402
11 0.5163177083333333 0.38273148148148145 0.030625000000000034 0.07600000000000004
8 0.32981249999999995 0.5074537037037037 0.04159895833333325 0.08652777777777787
2 0.5181458333333333 0.5728611111111112 0.03794270833333328 0.1051944444444443