3 0.46595833333333336 0.33637962962962964 0.03624479166666674 0.0763703703703704
9 0.4575677083333334 0.22787962962962963 0.03516666666666666 0.07757407407407402
9 0.28885937500000003 0.5747592592592592 0.04242187499999996 0.07236111111111114
3 0.4632135416666666 0.4358981481481481 0.03718750000000011 0.07583333333333336
4 0.32093750000000004 0.8700648148148147 0.05187499999999989 0.087537037037037
2 0.5669791666666667 0.548861111111111 0.04729166666666664 0.09327777777777774
2 0.296875 0.44907407407407407 0.04375 0.0974074074074074
6 0.37093750000000003 0.31355555555555553 0.035208333333333286 0.10785185185185181
11 0.38739583333333333 0.6734537037037037 0.03979166666666671 0.10172222222222224
11 0.42666666666666675 0.5353518518518517 0.03833333333333329 0.06996296296296296
1 0.38166666666666665 0.4761018518518519 0.04500000000000011 0.11442592592592592
5 0.550625 0.26190740740740737 0.03624999999999989 0.08974074074074076
10 0.44958333333333333 0.7225092592592591 0.04249999999999989 0.10724074074074079
0 0.509375 0.6430925925925925 0.03541666666666661 0.08544444444444442
0 0.4119791666666667 0.24764814814814812 0.03229166666666661 0.10937962962962963
8 0.5120833333333333 0.19877777777777778 0.03416666666666668 0.10051851851851852
8 0.4786458333333334 0.5297962962962962 0.040625 0.09587962962962959
4 0.5428125 0.40778703703703706 0.03729166666666668 0.10002777777777776
7 0.3241666666666667 0.33891666666666664 0.04333333333333318 0.12524074074074068
6 0.5204739583333333 0.33120370370370367 0.032510416666666764 0.06825925925925923