5 0.4427083333333333 0.5891759259259258 0.04480208333333326 0.12192592592592603
9 0.6463854166666666 0.25534259259259257 0.0260989583333334 0.07603703703703704
3 0.6364895833333333 0.32979629629629625 0.03145312499999999 0.09116666666666665
5 0.6221302083333333 0.5896296296296296 0.04668749999999999 0.12216666666666672
8 0.765296875 0.5935925925925926 0.052651041666666745 0.13477777777777772
6 0.545546875 0.5333425925925925 0.0414427083333333 0.13834259259259263
9 0.43420312499999997 0.4479814814814814 0.03625520833333322 0.09450000000000011
3 0.5349791666666667 0.27637962962962964 0.030526041666666615 0.08491666666666665
8 0.362890625 0.5044074074074073 0.05870833333333332 0.12412037037037038
6 0.5157031249999999 0.3443611111111111 0.03203125 0.11176851851851856
11 0.5995260416666666 0.20402777777777778 0.03293229166666674 0.08935185185185185
11 0.5680416666666667 0.4166111111111111 0.036375000000000136 0.10759259259259263
2 0.47815104166666667 0.19260185185185183 0.03613541666666666 0.09953703703703705
2 0.673125 0.4862777777777777 0.04208333333333343 0.12367592592592587
7 0.4221875 0.25487037037037036 0.04229166666666675 0.1423240740740741
1 0.7094791666666667 0.17933333333333334 0.03770833333333332 0.15422222222222226
0 0.7821874999999999 0.28282407407407406 0.03729166666666668 0.11305555555555552
4 0.38697916666666665 0.3539074074074074 0.042708333333333307 0.1367129629629629
10 0.70625 0.3324351851851851 0.029166666666666608 0.1382037037037037