3 0.5264947916666667 0.286462962962963 0.03245312499999997 0.08984259259259252
5 0.6286041666666666 0.5876944444444444 0.04695312500000011 0.12376851851851853
3 0.7722291666666667 0.2805833333333333 0.03882291666666671 0.11586111111111105
5 0.446890625 0.598675925925926 0.04395833333333332 0.1267962962962964
3 0.6293489583333333 0.3287222222222222 0.03165104166666666 0.0920740740740741
8 0.7717604166666666 0.5830925925925926 0.04956770833333337 0.13314814814814815
2 0.46352083333333327 0.20130555555555554 0.03745833333333337 0.10087962962962962
3 0.628953125 0.3281944444444444 0.030239583333333365 0.08937962962962957
9 0.43198958333333326 0.45874999999999994 0.036317708333333344 0.09531481481481481
11 0.5865416666666666 0.20630555555555555 0.03381249999999998 0.0921296296296296
11 0.5653541666666666 0.4184074074074074 0.037755208333333276 0.1044537037037036
2 0.6752552083333333 0.48199999999999993 0.037802083333333236 0.11923148148148152
6 0.5498020833333332 0.5401574074074074 0.04332812500000003 0.13471296296296298
8 0.36172916666666666 0.5201388888888889 0.05097395833333325 0.11735185185185186
9 0.6345677083333332 0.25225925925925924 0.026500000000000058 0.07489814814814816
6 0.5076041666666666 0.34947222222222224 0.02979166666666675 0.11301851851851852
10 0.7008333333333333 0.331324074074074 0.02666666666666657 0.14338888888888887
7 0.409375 0.26689814814814816 0.039583333333333345 0.14787037037037035
4 0.3804166666666666 0.36946296296296294 0.03583333333333334 0.1381851851851852
2 0.6947552083333333 0.17982407407407408 0.03460937499999996 0.15342592592592588