9 0.30341145833333333 0.5896944444444444 0.04084895833333331 0.07366666666666662
3 0.4702239583333334 0.41904629629629625 0.03853645833333328 0.06888888888888892
9 0.45307812500000005 0.21518518518518515 0.034843750000000104 0.07706481481481484
3 0.46708333333333335 0.3218981481481481 0.04051562499999992 0.07411111111111113
4 0.5466979166666667 0.37670370370370365 0.04495312499999997 0.11612037037037039
2 0.5780208333333333 0.5140555555555555 0.04604166666666672 0.09774074074074074
2 0.30666666666666664 0.4640740740740741 0.05333333333333332 0.09406481481481485
0 0.5266666666666667 0.6186574074074074 0.03833333333333329 0.08101851851851857
0 0.40864583333333326 0.2413611111111111 0.03895833333333343 0.08938888888888882
11 0.40927083333333336 0.6671574074074073 0.05020833333333332 0.09653703703703703
11 0.4361458333333334 0.5301666666666667 0.03395833333333318 0.08921296296296283
10 0.4769791666666666 0.7023333333333333 0.04395833333333332 0.08540740740740742
6 0.36375000000000013 0.3157777777777778 0.03292187500000008 0.09749074074074066
5 0.5489583333333334 0.23525 0.039583333333333394 0.0808703703703704
8 0.5098958333333334 0.17397222222222222 0.03645833333333339 0.10275925925925927
8 0.49229166666666674 0.509611111111111 0.04458333333333329 0.10366666666666664
7 0.32218749999999996 0.35336111111111107 0.04937500000000004 0.10227777777777784
1 0.3929166666666667 0.47887962962962966 0.047499999999999966 0.10887037037037035
5 0.3548958333333334 0.8778333333333332 0.05479166666666657 0.09567592592592575
6 0.5203958333333334 0.30321296296296296 0.027895833333333363 0.07086111111111108