3 0.5480208333333334 0.3141481481481481 0.03053645833333345 0.08442592592592596
8 0.7438333333333333 0.6483703703703704 0.05127083333333342 0.1338055555555556
2 0.5012447916666666 0.22781481481481478 0.03445833333333344 0.0981111111111111
5 0.43266666666666664 0.6164444444444445 0.04728124999999998 0.12020370370370365
5 0.6036197916666667 0.6284166666666667 0.044411458333333265 0.12039814814814807
11 0.615625 0.24862037037037035 0.03016145833333326 0.09934259259259257
3 0.6420885416666666 0.37272222222222223 0.029338541666666627 0.08812962962962957
8 0.3620677083333333 0.5236203703703703 0.051265625 0.11500925925925934
11 0.5669635416666666 0.453324074074074 0.03509895833333321 0.10438888888888885
9 0.6580833333333332 0.2980925925925926 0.02706770833333323 0.08048148148148147
0 0.679765625 0.45638888888888884 0.03173958333333342 0.11755555555555554
6 0.5346666666666666 0.5687314814814814 0.039583333333333394 0.13178703703703704
0 0.7897916666666667 0.3357685185185185 0.03375000000000013 0.12265740740740745
6 0.5225 0.37612962962962965 0.02833333333333332 0.12188888888888888
9 0.43666666666666665 0.47277777777777774 0.03166666666666664 0.08554629629629634
10 0.7082291666666667 0.3779814814814815 0.026874999999999892 0.13299999999999998
7 0.43927083333333333 0.2835648148148148 0.034791666666666644 0.14415740740740743
4 0.3985416666666667 0.38057407407407406 0.042916666666666714 0.13076851851851848
1 0.7239583333333333 0.22339814814814815 0.03541666666666661 0.14604629629629626
2 0.6661302083333334 0.5308796296296296 0.04323958333333326 0.12373148148148137