8 0.3509375 0.6073518518518519 0.05020833333333332 0.15099999999999988
8 0.6471875 0.32837037037037037 0.04104166666666664 0.1078518518518519
9 0.5676041666666667 0.31355555555555553 0.03354166666666671 0.09304629629629631
9 0.30114583333333333 0.22470370370370368 0.028958333333333287 0.07828703703703704
0 0.1883333333333333 0.3141111111111111 0.040000000000000126 0.1274814814814815
0 0.34375 0.3950092592592592 0.0375 0.13742592592592584
10 0.2945833333333333 0.3309537037037037 0.035833333333333425 0.13524074074074083
4 0.5745833333333333 0.2037685185185185 0.04249999999999989 0.12902777777777774
7 0.5120833333333333 0.12915740740740742 0.03416666666666668 0.1538796296296296
2 0.4292708333333334 0.09029629629629628 0.035208333333333286 0.09836111111111111
2 0.3821875 0.4527685185185185 0.04604166666666672 0.1344351851851853
3 0.4145833333333334 0.19692592592592592 0.029166666666666608 0.08941666666666666
3 0.3441666666666666 0.28912037037037036 0.02833333333333332 0.08862037037037038
11 0.32593750000000005 0.1565648148148148 0.03354166666666671 0.1049907407407407
11 0.44833333333333336 0.34391666666666665 0.036666666666666715 0.10931481481481486
6 0.4617708333333333 0.24838888888888885 0.028541666666666642 0.1108611111111111
6 0.5180208333333334 0.43981481481481477 0.04104166666666664 0.13074074074074074
1 0.22072916666666664 0.17368518518518516 0.0418697916666666 0.15959259259259256
5 0.6228125 0.44240740740740747 0.0439583333333335 0.11370370370370371
5 0.4729166666666667 0.5220092592592592 0.04583333333333339 0.13216666666666663