5 0.5687604166666667 0.6364351851851852 0.04692187499999996 0.1251759259259259
5 0.3900833333333334 0.6351759259259259 0.04765625 0.12187037037037021
3 0.46985416666666674 0.319537037037037 0.03367187499999993 0.08875925925925922
8 0.24664062500000003 0.643074074074074 0.051046875000000116 0.1349074074074074
9 0.3609010416666667 0.2959722222222222 0.027000000000000135 0.08010185185185187
2 0.333984375 0.5335555555555556 0.04128645833333326 0.12215740740740746
3 0.37014062500000006 0.3707222222222222 0.03207291666666663 0.0900000000000001
2 0.5250260416666667 0.23157407407407404 0.03735416666666662 0.0976203703703704
11 0.44050520833333334 0.4596481481481482 0.03607812500000005 0.11091666666666669
6 0.46576562500000007 0.58 0.04149479166666677 0.14026851851851851
11 0.40515104166666677 0.2479907407407407 0.03220312500000002 0.09794444444444442
9 0.5749010416666667 0.4876759259259259 0.038588541666666566 0.09315740740740731
8 0.6483385416666667 0.5467870370370369 0.04762500000000003 0.11218518518518532
7 0.5827083333333334 0.2948518518518518 0.038750000000000104 0.14822222222222226
4 0.61875 0.3983425925925925 0.0375 0.13668518518518513
10 0.3007291666666667 0.37835185185185183 0.02979166666666657 0.1411388888888889
0 0.22614583333333335 0.32817592592592587 0.03729166666666668 0.1259907407407408
6 0.4944791666666667 0.3816851851851852 0.033958333333333354 0.11077777777777777
1 0.2977083333333333 0.21802777777777774 0.03375000000000004 0.15382407407407406