3 0.43842708333333336 0.4645185185185185 0.034802083333333476 0.07346296296296294
9 0.3975677083333333 0.21802777777777776 0.030375000000000086 0.08058333333333338
3 0.4916041666666667 0.4778981481481481 0.03403645833333328 0.07810185185185187
2 0.45114583333333336 0.2284074074074074 0.035161458333333326 0.10712962962962962
2 0.36052083333333335 0.5925462962962963 0.04770833333333328 0.10658333333333318
5 0.25375000000000003 0.24432407407407405 0.050833333333333286 0.09530555555555556
5 0.5129166666666667 0.6108796296296296 0.032500000000000105 0.08768518518518517
0 0.5461458333333333 0.3963148148148148 0.03895833333333325 0.08448148148148155
0 0.32177083333333334 0.5029444444444444 0.03354166666666671 0.09034259259259253
10 0.29104166666666664 0.4096388888888889 0.038750000000000104 0.1111296296296296
1 0.41708333333333336 0.3305925925925926 0.035833333333333425 0.11228703703703699
6 0.5177083333333334 0.332074074074074 0.03541666666666661 0.0856296296296296
11 0.3864583333333334 0.38649999999999995 0.03125 0.08337962962962958
11 0.328125 0.3344814814814815 0.03125 0.10154629629629632
8 0.5576041666666667 0.5623796296296296 0.03687500000000003 0.08697222222222223
9 0.5544791666666666 0.4768518518518518 0.030625000000000034 0.05666666666666676
8 0.38010416666666663 0.473324074074074 0.04187500000000011 0.0903611111111112
6 0.4770833333333334 0.5575648148148147 0.0375 0.08474999999999998
4 0.4319791666666667 0.5690370370370369 0.042291666666666575 0.11511111111111111
10 0.49806249999999996 0.24722222222222223 0.03779166666666658 0.09941666666666664