8 0.3395833333333333 0.5534814814814815 0.054166666666666696 0.11363888888888896
8 0.750625 0.5618148148148148 0.047083333333333324 0.12659259259259256
5 0.4367708333333333 0.619574074074074 0.04645833333333336 0.12359259259259261
5 0.6117708333333333 0.5799537037037037 0.04645833333333318 0.12584259259259262
6 0.5291666666666666 0.5484814814814815 0.04166666666666661 0.12956481481481494
6 0.4736458333333333 0.3683518518518518 0.03270833333333325 0.11374999999999996
11 0.5362499999999999 0.42834259259259255 0.03916666666666657 0.1003796296296296
11 0.5344791666666666 0.22802777777777775 0.029375000000000106 0.09235185185185178
2 0.4125 0.2308055555555555 0.03333333333333335 0.10161111111111107
2 0.6508333333333333 0.4757314814814814 0.04333333333333318 0.12109259259259252
0 0.6465625 0.38502777777777775 0.02854166666666682 0.06560185185185187
0 0.7208333333333333 0.27449074074074076 0.033333333333333395 0.11491666666666668
1 0.6407291666666667 0.18970370370370368 0.03354166666666671 0.14532407407407405
7 0.36583333333333334 0.2989259259259259 0.039999999999999945 0.14896296296296296
4 0.34875 0.40278703703703705 0.047500000000000056 0.13075925925925924
10 0.6604166666666667 0.3335462962962963 0.029166666666666608 0.13301851851851845
9 0.5855208333333334 0.26690740740740737 0.027291666666666714 0.07382407407407411
9 0.4052083333333333 0.4864722222222222 0.03125 0.09072222222222229
3 0.5859375 0.339824074074074 0.028125 0.08197222222222215
3 0.4805208333333333 0.29726851851851854 0.025624999999999964 0.0752870370370371