2 0.71002 0.4131075 0.05940999999999998 0.05488499999999998
4 0.3573466666666666 0.5044449999999999 0.05640333333333345 0.06496999999999993
1 0.5602699999999999 0.56189 0.050313333333333314 0.0682174999999999
8 0.33061333333333315 0.3980675 0.05445666666666682 0.052047500000000024
0 0.5514433333333333 0.2622575 0.043180000000000024 0.05843249999999998
0 0.5981833333333333 0.296495 0.039936666666666794 0.056235000000000035
6 0.47262 0.475835 0.049513333333333284 0.05399750000000001
7 0.5962933333333335 0.3940775 0.04932666666666658 0.07735749999999993
5 0.6773833333333333 0.48484 0.05186000000000016 0.05725249999999989
10 0.4277100000000001 0.332615 0.04824999999999993 0.0675675
11 0.4784433333333333 0.5395650000000001 0.04755666666666668 0.052127500000000104