8 0.28412 0.3505775 0.07429333333333332 0.08552750000000006
10 0.49323666666666666 0.38444500000000004 0.07278999999999994 0.11153250000000003
2 0.6859200000000001 0.2065425 0.07969999999999994 0.08188249999999997
0 0.8000033333333334 0.44998000000000005 0.08871333333333335 0.08806250000000002
4 0.2194566666666667 0.20578 0.07102666666666663 0.11373999999999995
0 0.7701166666666667 0.3652775 0.08262666666666665 0.08408249999999998
6 0.3757133333333334 0.21246 0.056606666666666784 0.09146499999999999
11 0.32034 0.160485 0.05772000000000001 0.07976249999999999
5 0.5637233333333334 0.15216999999999997 0.06345666666666669 0.07454750000000003
7 0.5967233333333334 0.2274 0.0686266666666666 0.11210250000000004
1 0.3765833333333333 0.0995125 0.05960000000000001 0.11786499999999997