6 0.41550130208333336 0.58271240234375 0.08145182291666657 0.0974072265624999
1 0.3584765625 0.3197265625 0.07362955729166672 0.1217041015625
5 0.09805989583333334 0.3704296875 0.07805013020833333 0.088525390625
8 0.08473958333333333 0.47295166015624995 0.07773111979166665 0.1002758789062499
0 0.509404296875 0.43086669921875 0.07716471354166667 0.0923535156249999
5 0.906982421875 0.49494384765625005 0.08814127604166681 0.09057373046874986
11 0.9171647135416667 0.3822412109375 0.08162434895833333 0.08696289062499991
7 0.66638671875 0.326806640625 0.07389973958333323 0.1014404296875
10 0.6321191406249999 0.70572998046875 0.09845052083333337 0.12383789062500003
11 0.6586979166666667 0.25116943359375 0.06367838541666657 0.0721923828125
4 0.41988932291666664 0.19929687499999998 0.07225911458333331 0.10486328125