5 0.34363000000000005 0.22595750000000003 0.06535666666666676 0.05888
2 0.4897566666666667 0.43549 0.07129333333333333 0.05954999999999995
8 0.6970533333333333 0.42962750000000005 0.06283000000000007 0.06859249999999992
5 0.7062166666666666 0.095235 0.055480000000000015 0.07100749999999997
0 0.3875 0.3467125 0.0657133333333332 0.05961749999999997
6 0.66095 0.2630525 0.05355000000000013 0.06902750000000006
11 0.2096333333333334 0.39708249999999995 0.08098333333333324 0.057022500000000066
11 0.3612766666666667 0.45217 0.06674666666666672 0.053689999999999925
1 0.5325633333333334 0.114225 0.0587033333333333 0.09118
4 0.40768 0.15904000000000001 0.07071666666666682 0.08047
7 0.5292233333333333 0.22033 0.06377666666666665 0.08532500000000001
10 0.3026666666666666 0.3107225 0.07822333333333328 0.0697775