4 0.7008866666666668 0.5284625000000001 0.0686033333333332 0.080945
10 0.42596666666666666 0.4827325 0.061356666666666844 0.07844999999999995
7 0.28632999999999986 0.43702749999999996 0.06831999999999994 0.08714250000000004
0 0.28922333333333333 0.5870599999999999 0.06722666666666678 0.06318750000000009
1 0.6667266666666667 0.36557499999999993 0.054983333333333204 0.08879999999999999
5 0.5428566666666667 0.31113999999999997 0.04752333333333354 0.06524250000000009
2 0.43283666666666665 0.287085 0.0510599999999999 0.06899750000000004
6 0.49100333333333335 0.5733474999999999 0.059183333333333366 0.06484500000000004
11 0.6229833333333334 0.42920749999999996 0.052523333333333255 0.065855
0 0.4629399999999999 0.35817750000000004 0.04981333333333329 0.06403999999999996
8 0.5037766666666667 0.41085000000000005 0.050223333333333404 0.063035