6 0.7451985677083334 0.3248583984375 0.06610026041666663 0.08910644531249998
0 0.5454947916666666 0.380322265625 0.07030924479166671 0.09134277343750004
5 0.4405403645833333 0.1926025390625 0.06390950520833319 0.07715332031250002
5 0.6747135416666666 0.60269775390625 0.07928059895833334 0.09327880859374993
1 0.38577473958333336 0.29558349609375 0.06716145833333348 0.11087890624999996
8 0.5861979166666667 0.18906005859375 0.06753255208333328 0.08323242187500002
11 0.4742708333333333 0.641650390625 0.08134765625 0.09239501953125
4 0.14292968749999999 0.3389794921875 0.08078450520833348 0.10651855468750009
7 0.9450358072916667 0.39880126953125 0.08424153645833338 0.11271484374999999
10 0.3846549479166667 0.4715283203125001 0.07271484375000009 0.10429199218750007
11 0.2134342447916667 0.49437499999999995 0.07356770833333333 0.08184814453125