1 0.32980718954248367 0.43081862745098043 0.06884967320261441 0.12528921568627444
2 0.19384967320261434 0.5607181372549019 0.081343137254902 0.1067965686274512
5 0.865124183006536 0.5915980392156862 0.08254901960784314 0.0943946078431372
7 0.589483660130719 0.7685441176470589 0.0939575163398691 0.13952205882352944
10 0.6341307189542483 0.44085294117647056 0.07141830065359471 0.10973529411764704
5 0.07135294117647059 0.4786004901960784 0.078 0.09092401960784322
11 0.8758790849673203 0.4924387254901961 0.0756830065359478 0.08761519607843145
4 0.39669281045751636 0.32867156862745095 0.06994117647058821 0.10590441176470593
2 0.39547712418300657 0.6780539215686274 0.08788888888888889 0.09598529411764697
8 0.46785620915032683 0.5230294117647059 0.07034967320261434 0.09429411764705886
8 0.17684313725490194 0.3677009803921569 0.06937581699346408 0.08071568627450984
11 0.6325980392156862 0.3642328431372549 0.052781045751634066 0.04191911764705889