2 0.58330078125 0.21442138671875002 0.06761067708333333 0.08644775390625004
2 0.23103841145833334 0.40333251953125 0.08291015625 0.07204833984374996
8 0.34603190104166665 0.2748046875 0.0873600260416668 0.07335937499999998
5 0.6644661458333334 0.51172119140625 0.07555338541666666 0.07357421874999996
5 0.6716634114583333 0.32236083984375 0.06991536458333343 0.07424072265625004
8 0.12814453124999994 0.54420166015625 0.07960937500000019 0.08734130859375
7 0.3986848958333333 0.44684326171875 0.07987630208333343 0.09113037109374993
1 0.9306087239583333 0.427578125 0.08931966145833338 0.088232421875
10 0.15623372395833332 0.26370849609375 0.09380533854166657 0.09268554687499994
4 0.9147558593749999 0.27533447265625 0.08196289062500005 0.09262207031250007
11 0.31890625 0.6547509765625 0.08126627604166667 0.06856689453125017
11 0.6180533854166667 0.61709716796875 0.077587890625 0.06948486328124996