2 0.41669921875 0.21442138671875002 0.06761067708333333 0.08644775390625004
2 0.7689615885416666 0.40333251953125 0.08291015625 0.07204833984374996
8 0.6539680989583334 0.2748046875 0.0873600260416668 0.07335937499999998
5 0.3355338541666667 0.51172119140625 0.07555338541666666 0.07357421874999996
5 0.32833658854166664 0.32236083984375 0.0699153645833333 0.07424072265625004
8 0.8718554687500001 0.54420166015625 0.07960937500000019 0.08734130859375
7 0.6013151041666667 0.44684326171875 0.07987630208333343 0.09113037109374993
1 0.06939127604166667 0.427578125 0.08931966145833332 0.088232421875
10 0.8437662760416667 0.26370849609375 0.09380533854166657 0.09268554687499994
4 0.08524414062499999 0.27533447265625 0.08196289062499999 0.09262207031250007
11 0.68109375 0.6547509765625 0.08126627604166667 0.06856689453125017
11 0.38194661458333334 0.61709716796875 0.077587890625 0.06948486328124996