0 0.5271484375 0.69343017578125 0.08507161458333339 0.09126953125000004
2 0.7744010416666666 0.3525732421875 0.08763346354166662 0.0839599609375
5 0.588125 0.51037353515625 0.07380208333333324 0.08682128906249993
5 0.9095833333333333 0.50069091796875 0.08712239583333338 0.08380126953125
8 0.30572265625000006 0.74704833984375 0.09653645833333338 0.08930419921875003
1 0.31417643229166664 0.5644287109375 0.08576497395833335 0.11490234375000004
4 0.1734309895833333 0.6565869140625 0.09305664062499996 0.10810302734375003
11 0.233857421875 0.288681640625 0.06826171875000003 0.08605468749999998
11 0.645966796875 0.29034423828125 0.06669596354166671 0.08141113281249997
10 0.3338313802083333 0.406962890625 0.07074544270833331 0.11033203125000006
7 0.10167968750000002 0.39659912109375 0.08422526041666666 0.11247314453125004
8 0.56822265625 0.35356201171875 0.06847656249999995 0.09453857421875003
6 0.6386490885416667 0.436669921875 0.06709960937499986 0.08844482421874997
2 0.828125 0.6575341796875 0.08072916666666667 0.08899169921874997