1 0.30794444444444447 0.4831495098039215 0.0760849673202614 0.11605882352941191
4 0.2932254901960784 0.6076593137254902 0.0826666666666668 0.1126078431372548
5 0.425045751633987 0.3446053921568627 0.06422222222222232 0.07838480392156866
5 0.4972483660130718 0.5902549019607843 0.07872222222222215 0.09122058823529411
11 0.4869346405228758 0.2770857843137255 0.06401633986928097 0.0755049019607843
2 0.11415032679738565 0.5381151960784314 0.07987908496732032 0.08517401960784313
11 0.6232222222222222 0.535031862745098 0.07294117647058822 0.08846813725490196
10 0.8352516339869281 0.42520098039215687 0.07152941176470597 0.10966666666666676
6 0.20520588235294118 0.2683700980392157 0.05914705882352938 0.08098284313725487
7 0.6492843137254901 0.2945833333333333 0.06203594771241825 0.11586274509803926
8 0.7991013071895424 0.3339901960784314 0.06370588235294126 0.07711764705882347
2 0.9025522875816994 0.6447818627450981 0.08542483660130719 0.09675490196078443