6 0.5844986979166666 0.58271240234375 0.08145182291666657 0.0974072265624999
1 0.6415234375 0.3197265625 0.07362955729166672 0.1217041015625
5 0.9019401041666666 0.3704296875 0.07805013020833323 0.088525390625
8 0.9152604166666667 0.47295166015624995 0.07773111979166672 0.1002758789062499
0 0.49059570312499995 0.43086669921875 0.07716471354166667 0.0923535156249999
5 0.093017578125 0.49494384765625005 0.08814127604166681 0.09057373046874986
11 0.08283528645833324 0.3822412109375 0.08162434895833333 0.08696289062499991
7 0.33361328124999995 0.326806640625 0.07389973958333323 0.1014404296875
10 0.3678808593750001 0.70572998046875 0.09845052083333337 0.12383789062500003
11 0.3413020833333333 0.25116943359375 0.06367838541666657 0.0721923828125
4 0.5801106770833333 0.19929687499999998 0.07225911458333342 0.10486328125000002