4 0.1659765625 0.6018017578125 0.09497721354166665 0.12308349609374983
8 0.2924934895833333 0.6818701171875 0.09502929687499997 0.0959545898437499
5 0.8925455729166667 0.47280517578125 0.0787109375 0.09087890625000003
2 0.7559440104166667 0.3567724609375 0.08169921874999986 0.08570556640625009
1 0.3085546875 0.52169677734375 0.08361979166666664 0.13069091796874996
5 0.5522070312500001 0.5330859375 0.0806640625 0.095703125
10 0.3332063802083333 0.39889892578125 0.07050455729166659 0.11214599609375
11 0.24204427083333332 0.31310791015625 0.06736979166666668 0.07902099609375002
7 0.11103515625 0.388427734375 0.07500651041666667 0.1235693359375
11 0.633046875 0.3103271484375 0.06697591145833333 0.0810546875
2 0.8182584635416668 0.60679931640625 0.085986328125 0.09977539062500007
8 0.5578841145833333 0.3567041015625 0.062890625 0.08987548828125007