4 0.15833007812499994 0.71288818359375 0.09748697916666677 0.1351513671874999
2 0.2473763020833334 0.398310546875 0.082421875 0.08595214843749996
1 0.31895507812499996 0.6260986328125 0.08949218750000014 0.13797851562499996
2 0.6969661458333334 0.392509765625 0.07321289062499996 0.09461181640625008
5 0.4669791666666666 0.35306640625 0.068212890625 0.081787109375
7 0.6199641927083334 0.7901635742187499 0.097705078125 0.14851562499999993
10 0.5947428385416667 0.62518310546875 0.08664062499999996 0.1276611328125
8 0.6983138020833334 0.49951416015624994 0.08456705729166672 0.0888916015625
11 0.81810546875 0.45170410156249996 0.07469401041666662 0.08882080078124996
11 0.882666015625 0.7202294921875 0.09974934895833343 0.11134033203125
5 0.35349283854166663 0.508779296875 0.0760156249999999 0.0942333984374999
8 0.06678059895833334 0.63614990234375 0.08275716145833319 0.11306884765625007
0 0.6969661458333334 0.392509765625 0.07321289062499996 0.09461181640625008