1 0.6920555555555555 0.4831495098039215 0.0760849673202614 0.11605882352941191
4 0.7067745098039215 0.6076593137254902 0.0826666666666668 0.1126078431372548
5 0.5749542483660129 0.3446053921568627 0.06422222222222232 0.07838480392156866
5 0.5027516339869282 0.5902549019607843 0.07872222222222221 0.09122058823529411
11 0.5130653594771242 0.2770857843137255 0.06401633986928097 0.0755049019607843
2 0.8858496732026143 0.5381151960784314 0.07987908496732032 0.08517401960784313
11 0.3767777777777778 0.535031862745098 0.07294117647058822 0.08846813725490196
10 0.16474836601307188 0.42520098039215687 0.07152941176470584 0.10966666666666672
6 0.7947941176470589 0.2683700980392157 0.05914705882352938 0.08098284313725487
7 0.35071568627450983 0.2945833333333333 0.06203594771241825 0.11586274509803926
8 0.20089869281045752 0.3339901960784314 0.06370588235294121 0.07711764705882347
2 0.09744771241830066 0.6447818627450981 0.0854248366013072 0.09675490196078443