1 0.29976888020833337 0.401982421875 0.06829101562500005 0.11078124999999997
2 0.40530598958333336 0.291259765625 0.06316731770833334 0.07608886718749996
5 0.3667838541666667 0.66361083984375 0.0767513020833333 0.08833496093749993
10 0.85123046875 0.525107421875 0.078759765625 0.10115722656250004
4 0.58947265625 0.31036865234375 0.0635839843750001 0.09629394531250002
7 0.443876953125 0.39401611328125 0.05677408854166662 0.10871093750000008
5 0.47777994791666667 0.510419921875 0.07009765625000004 0.08071777343749993
2 0.6718033854166667 0.4845288085937501 0.06540039062499996 0.08851562499999996
11 0.5959440104166667 0.62732666015625 0.07198893229166667 0.0856201171875
11 0.21530598958333333 0.5993896484375 0.07009765624999999 0.08624267578125
2 0.7158561197916667 0.38212646484375 0.06126953125000014 0.07794677734374993
2 0.6718033854166667 0.48344482421875 0.06540039062499996 0.08851562499999996