0 0.7423502604166666 0.6201806640625 0.08143880208333343 0.0863842773437499
2 0.53919921875 0.79164306640625 0.09792643229166652 0.0861010742187501
1 0.7030891927083334 0.43488037109375 0.07548502604166671 0.1120532226562501
5 0.47003580729166666 0.56103515625 0.07838216145833338 0.08822021484375
6 0.34139648437500003 0.54923095703125 0.07613281250000009 0.0857617187499999
8 0.2693294270833334 0.4592504882812499 0.0852636718750001 0.08854492187499989
11 0.10882161458333334 0.46561279296875 0.08207356770833343 0.08550048828124997
8 0.9035091145833333 0.52968017578125 0.08013020833333329 0.0893481445312501
11 0.3868001302083333 0.25187744140625 0.066357421875 0.08121826171875002
2 0.11027018229166667 0.5773583984375 0.09666992187500015 0.08782958984375
10 0.583984375 0.22546875000000002 0.06844075520833333 0.10103271484374998
5 0.24398763020833342 0.7555371093749998 0.08611002604166652 0.09053222656249993
4 0.8699479166666666 0.41601318359375006 0.08478190104166666 0.10653564453124993
7 0.5117513020833333 0.33200927734375 0.06554361979166666 0.109765625