5 0.7182233333333333 0.5353975 0.05244333333333344 0.06045999999999996
0 0.5954433333333333 0.49674250000000003 0.04689000000000002 0.0631499999999999
0 0.2512233333333333 0.46233500000000005 0.04644333333333321 0.06266999999999996
1 0.5553333333333333 0.38760500000000003 0.04489000000000019 0.08154249999999993
2 0.7284433333333333 0.4595874999999999 0.06755666666666661 0.05884
4 0.3502233333333333 0.6793525 0.06844333333333334 0.0817025000000001
11 0.52089 0.61554 0.05599999999999999 0.06007999999999995
6 0.2803333333333333 0.5604725 0.05489000000000009 0.06227999999999998
8 0.52211 0.53173 0.05133333333333331 0.06646250000000009
7 0.43044333333333334 0.418595 0.04577666666666668 0.08352250000000012
10 0.38744333333333336 0.502405 0.053999999999999916 0.07580999999999989