4 0.5395733333333333 0.5784575000000001 0.07546666666666677 0.0948599999999999
5 0.27362000000000003 0.3955875 0.06052999999999997 0.0693824999999999
6 0.4670066666666666 0.487495 0.06202333333333338 0.07507000000000001
2 0.34502333333333335 0.3316825 0.06201666666666673 0.07998249999999993
11 0.37241 0.547015 0.06792000000000004 0.0809800000000001
0 0.5742100000000001 0.28757 0.05242333333333325 0.07515000000000001
7 0.44989666666666667 0.35194000000000003 0.06088333333333331 0.1009525
10 0.7060433333333334 0.38729250000000004 0.07385666666666661 0.08945000000000007
8 0.7348333333333333 0.5011025 0.08980666666666674 0.06965000000000003
0 0.6634800000000001 0.279445 0.0551533333333334 0.07126999999999999
1 0.25612999999999997 0.5093625000000002 0.07926333333333331 0.1065925