5 0.5912695312500001 0.48909423828125 0.07635416666666663 0.08456054687499996
4 0.7854557291666667 0.52778564453125 0.08263997395833347 0.10529052734374993
8 0.6689843749999999 0.3303369140625 0.07830078125000005 0.07953369140625002
8 0.26218424479166663 0.46558837890624993 0.08046875 0.08114746093749989
10 0.08619140625000009 0.40059082031250004 0.08263020833333339 0.10349853515624989
6 0.4068424479166667 0.49380126953125003 0.07123046875000014 0.08650634765625007
11 0.9040201822916667 0.42411376953125 0.07920247395833328 0.08336425781249997
0 0.19120442708333343 0.5516455078125 0.07770833333333348 0.0877685546875
11 0.516123046875 0.3933349609375 0.07045247395833319 0.08350585937500003
5 0.57935546875 0.73208251953125 0.08269205729166676 0.08889404296874996
2 0.2711002604166667 0.326083984375 0.06945963541666676 0.08047607421875007
1 0.6317805989583333 0.225595703125 0.06836263020833329 0.11342529296875004
2 0.8903385416666667 0.67034912109375 0.08467122395833329 0.09779785156250007
7 0.17978190104166672 0.694208984375 0.09804361979166648 0.11459716796875004