2 0.08700326797385621 0.5570784313725491 0.07527124183006535 0.10131127450980397
7 0.8115915032679737 0.4763063725490196 0.07456862745098054 0.12552450980392163
5 0.11499346405228758 0.6938700980392156 0.08480392156862744 0.10142401960784327
10 0.6550261437908497 0.542517156862745 0.07599673202614383 0.1197328431372549
5 0.34709477124183 0.5423284313725489 0.07038235294117641 0.09027696078431369
11 0.899781045751634 0.6058357843137255 0.07783986928104554 0.09126225490196091
11 0.574516339869281 0.7747107843137255 0.08519281045751631 0.10178921568627448
4 0.5215228758169934 0.3754828431372549 0.0515032679738562 0.058499999999999955
8 0.38082352941176467 0.41223039215686275 0.06470915032679728 0.07965441176470578
8 0.5501993464052287 0.6746151960784313 0.08122875816993466 0.08812254901960781
2 0.3802647058823529 0.769453431372549 0.09465359477124184 0.10182107843137259
1 0.5059411764705882 0.4626004901960784 0.06265359477124181 0.10668627450980406