4 0.38203 0.511935 0.0943233333333333 0.1306075
8 0.8531333333333334 0.512655 0.10701333333333334 0.11665499999999991
11 0.8165033333333335 0.391305 0.0822999999999998 0.08761500000000004
6 0.6458933333333333 0.44595 0.07777000000000006 0.09980750000000001
7 0.3968633333333333 0.3467 0.06511666666666661 0.13169250000000005
11 0.7645333333333333 0.30144000000000004 0.06541333333333317 0.07238250000000006
5 0.29949 0.317735 0.06523333333333335 0.08201
2 0.42599333333333333 0.273075 0.04450333333333335 0.06584249999999994
0 0.6416666666666667 0.35444 0.04321666666666672 0.08295750000000002
1 0.16398000000000001 0.38248250000000006 0.09504333333333334 0.13965
5 0.23422 0.6926075 0.11248000000000005 0.11564000000000015
10 0.62389 0.28078 0.04555666666666672 0.06122749999999995