1 0.18259440104166663 0.3571044921875 0.0698014322916667 0.10238769531250007
8 0.9565950520833333 0.4408276367187501 0.07747395833333333 0.09072998046875007
10 0.371484375 0.4211743164062501 0.06488932291666671 0.097255859375
5 0.5442154947916666 0.29569580078125 0.062063802083333286 0.07362792968749998
7 0.5094921874999999 0.1354736328125 0.05564453124999999 0.0982177734375
4 0.604375 0.44600830078125 0.07000325520833334 0.09648681640624997
11 0.6734602864583332 0.574482421875 0.06855794270833329 0.08268066406249996
2 0.8329231770833333 0.36307373046875 0.06939778645833314 0.07895019531250007
11 0.21492513020833334 0.5055517578125 0.06984049479166667 0.0783007812500001
2 0.27150065104166665 0.2794921875 0.06451171875 0.084765625
5 0.3919270833333333 0.69338623046875 0.07827799479166657 0.0807080078124999
0 0.27150065104166665 0.2794921875 0.06451171875 0.084765625