0 0.33054361979166663 0.65582763671875 0.08178059895833319 0.09812988281249986
2 0.6162499999999999 0.66323974609375 0.08963541666666686 0.100048828125
5 0.8380696614583333 0.6546044921875 0.08386393229166676 0.0943041992187501
8 0.47907877604166665 0.525732421875 0.07029622395833333 0.09365478515624996
1 0.676435546875 0.5108984375 0.07646158854166647 0.1224291992187501
4 0.78447265625 0.41296630859374994 0.07097330729166676 0.10513183593749993
7 0.09177083333333336 0.63995849609375 0.09421223958333348 0.12799560546874994
5 0.1721126302083333 0.443232421875 0.07078450520833333 0.0847705078125001
10 0.4685677083333334 0.41375488281250006 0.06581380208333319 0.10811767578125
11 0.27754231770833343 0.3784912109375 0.06739908854166667 0.08175537109374993
11 0.5654524739583332 0.37489501953125 0.06110351562500019 0.08048583984375002
6 0.9171158854166667 0.5254052734375 0.0723535156249999 0.0886157226562501