0 0.4728515625 0.69343017578125 0.08507161458333339 0.09126953125000004
2 0.22559895833333338 0.3525732421875 0.08763346354166662 0.0839599609375
5 0.411875 0.51037353515625 0.07380208333333324 0.08682128906249993
5 0.09041666666666674 0.50069091796875 0.08712239583333338 0.08380126953125
8 0.6942773437499999 0.74704833984375 0.09653645833333328 0.08930419921875003
1 0.6858235677083333 0.5644287109375 0.08576497395833324 0.11490234375000004
4 0.8265690104166666 0.6565869140625 0.09305664062499991 0.10810302734375003
11 0.7661425781250001 0.288681640625 0.06826171875 0.08605468749999998
11 0.3540332031249999 0.29034423828125 0.06669596354166671 0.08141113281249997
10 0.6661686197916666 0.406962890625 0.07074544270833319 0.1103320312500001
7 0.8983203125 0.39659912109375 0.08422526041666671 0.11247314453125004
8 0.43177734375000004 0.35356201171875 0.06847656249999995 0.09453857421875007
6 0.36135091145833337 0.436669921875 0.06709960937499986 0.08844482421874993
2 0.171875 0.6575341796875 0.08072916666666667 0.08899169921874997