5 0.5037433333333333 0.3717575 0.033883333333333356 0.0385675
8 0.59614 0.4824625 0.03943999999999998 0.049967499999999984
4 0.4423133333333334 0.368725 0.029756666666666712 0.05348249999999997
6 0.4645933333333333 0.44419000000000003 0.03401333333333329 0.04784000000000006
2 0.63629 0.43537 0.035070000000000094 0.047804999999999966
0 0.5887533333333334 0.39665249999999996 0.03055999999999983 0.04655499999999999
5 0.3057766666666667 0.4260325 0.0337766666666667 0.043565000000000076
1 0.3813333333333333 0.383625 0.03377666666666658 0.060417500000000054
7 0.46699999999999997 0.39604000000000006 0.024223333333333368 0.05024750000000009
11 0.6582766666666667 0.3725075 0.02655666666666671 0.0373475
11 0.67239 0.41099500000000005 0.03033333333333322 0.04099000000000004
10 0.58311 0.35972000000000004 0.021333333333333353 0.027607499999999962