4 0.29911333333333334 0.5284625000000001 0.06860333333333332 0.080945
10 0.5740333333333333 0.4827325 0.061356666666666844 0.07844999999999995
7 0.7136700000000001 0.43702749999999996 0.06831999999999994 0.08714250000000004
0 0.7107766666666666 0.5870599999999999 0.06722666666666678 0.06318750000000009
1 0.33327333333333337 0.36557499999999993 0.05498333333333332 0.08879999999999995
5 0.4571433333333334 0.31113999999999997 0.047523333333333424 0.06524250000000009
2 0.5671633333333334 0.287085 0.0510599999999999 0.06899750000000004
6 0.5089966666666667 0.5733474999999999 0.059183333333333366 0.06484500000000004
11 0.37701666666666667 0.42920749999999996 0.05252333333333337 0.065855
0 0.5370600000000001 0.35817750000000004 0.04981333333333329 0.06403999999999996
8 0.49622333333333335 0.41085000000000005 0.050223333333333404 0.063035