4 0.05352287581699347 0.4638480392156863 0.08394444444444445 0.10566911764705882
5 0.37687581699346406 0.6386446078431373 0.0807647058823529 0.08864460784313728
8 0.6095261437908497 0.3987132352941177 0.08075490196078429 0.08290686274509813
8 0.9229509803921568 0.5870710784313726 0.08240849673202627 0.10315441176470586
2 0.3680130718954248 0.3793970588235294 0.06939542483660131 0.095235294117647
2 0.765967320261438 0.4861715686274509 0.07959477124183015 0.08373284313725496
11 0.46034313725490195 0.7244411764705883 0.08365359477124189 0.0909485294117646
5 0.31097385620915036 0.47746078431372546 0.07435947712418299 0.08686519607843142
11 0.78009477124183 0.7125710784313726 0.08464379084967319 0.09064950980392172
1 0.07513398692810459 0.5919166666666666 0.09211111111111112 0.11637990196078433
7 0.6242254901960784 0.5354411764705882 0.08055228758169927 0.12031617647058823
10 0.77940522875817 0.3636813725490196 0.081686274509804 0.09963970588235296