4 0.684912109375 0.45088623046875 0.07607421875 0.08231201171875
1 0.5451236979166666 0.32768798828125 0.06771158854166685 0.09143798828124998
7 0.17256510416666657 0.46398681640624995 0.08834309895833338 0.08224609374999989
5 0.7241959635416666 0.19320556640625 0.06745442708333348 0.07575927734375001
10 0.930302734375 0.41868408203124996 0.09194986979166657 0.08738525390624989
5 0.518388671875 0.20947998046875 0.06569010416666679 0.07395263671875005
8 0.7807975260416666 0.2853173828125 0.07808268229166657 0.07178710937499995
2 0.43806640625000004 0.63475341796875 0.0748144531250001 0.07694335937499996
2 0.41863281250000006 0.16807373046875 0.06341796875000014 0.08030029296875005
8 0.09538411458333336 0.34511474609375 0.083154296875 0.08261474609374994
11 0.29183268229166676 0.59408935546875 0.07706380208333338 0.06849853515624993
11 0.4890201822916667 0.52000732421875 0.07023111979166667 0.07279296874999996