2 0.7632975260416667 0.43379394531250004 0.07472330729166667 0.09083740234375011
8 0.38435546875000004 0.33806640625 0.06789713541666677 0.09034912109375001
1 0.9320735677083333 0.43316162109375 0.08246419270833319 0.10144531249999993
8 0.21008138020833325 0.45381591796875 0.07453450520833348 0.07699218749999996
0 0.23918945312500003 0.34572998046875 0.06814778645833333 0.08121093749999994
7 0.33946289062499996 0.6212109375 0.08273437499999996 0.10151855468749993
5 0.5791959635416667 0.25980712890625 0.06347005208333342 0.07783447265624996
4 0.5827669270833333 0.56718994140625 0.07423177083333314 0.09444824218749996
11 0.055582682291666664 0.38292236328125 0.07685872395833329 0.07868164062500008
6 0.5306282552083333 0.43055175781250005 0.06413736979166676 0.08384521484374989
10 0.39726236979166674 0.22292236328124998 0.06670898437499986 0.09548095703124995
5 0.5078841145833334 0.8144702148437502 0.08170247395833338 0.07964111328125015
2 0.09492838541666657 0.5703955078125 0.08297526041666667 0.09155517578125014
11 0.24560546875 0.80544189453125 0.07975260416666667 0.07230712890624993