4 0.7966015624999999 0.68430419921875 0.10038411458333343 0.08284179687499993
1 0.6502311197916666 0.56579833984375 0.08791341145833348 0.08839111328125
2 0.795224609375 0.20966552734375 0.09699218749999995 0.08090087890625
5 0.5497005208333333 0.12163574218750002 0.07701497395833339 0.08596679687499997
7 0.32313151041666666 0.76085205078125 0.09958007812500007 0.08059326171874988
10 0.3644921875 0.54590087890625 0.09067057291666672 0.08590332031249996
11 0.07309244791666665 0.64374267578125 0.10342773437500001 0.07998046875000017
8 0.2678125 0.34601318359375 0.09841471354166664 0.0721508789062499
11 0.14196940104166667 0.27317626953125 0.08623372395833334 0.08499511718749994
2 0.28227864583333334 0.17999755859375 0.07818359375 0.09869628906250001
5 0.6452799479166667 0.37670654296875 0.083251953125 0.08291259765625006
8 0.9140625 0.570400390625 0.08333333333333333 0.08562744140625007