2 0.23670247395833333 0.43379394531250004 0.07472330729166667 0.09083740234375007
8 0.61564453125 0.33806640625 0.06789713541666677 0.09034912109375001
1 0.06792643229166666 0.43316162109375 0.08246419270833331 0.10144531249999997
8 0.7899186197916668 0.45381591796875 0.07453450520833348 0.07699218749999996
0 0.7608105468749999 0.34572998046875 0.06814778645833333 0.08121093749999994
7 0.660537109375 0.6212109375 0.08273437499999996 0.10151855468749993
5 0.42080403645833336 0.25980712890625 0.06347005208333331 0.07783447265624996
4 0.41723307291666667 0.56718994140625 0.07423177083333327 0.09444824218749996
11 0.9444173177083334 0.38292236328125 0.07685872395833329 0.07868164062500008
6 0.46937174479166666 0.43055175781250005 0.06413736979166676 0.08384521484374993
10 0.6027376302083333 0.22292236328124998 0.06670898437499986 0.09548095703124997
5 0.4921158854166666 0.8144702148437502 0.08170247395833338 0.07964111328125005
2 0.9050716145833334 0.5703955078125 0.08297526041666667 0.09155517578125014
11 0.75439453125 0.80544189453125 0.07975260416666667 0.07230712890624993