4 0.5647366666666667 0.40165750000000006 0.0701066666666667 0.10600749999999995
1 0.7500233333333334 0.31557 0.07974000000000009 0.11827499999999995
0 0.34028999999999987 0.4680325000000001 0.0750133333333333 0.08790750000000003
7 0.8861866666666667 0.40904750000000006 0.10048000000000007 0.11805749999999993
2 0.4354333333333333 0.34063499999999997 0.06339666666666659 0.09082249999999999
5 0.5554666666666667 0.565345 0.07752333333333325 0.08481750000000013
6 0.7266266666666666 0.482775 0.07907000000000011 0.08874250000000003
11 0.08842666666666675 0.4585675 0.09688000000000016 0.08600250000000002
10 0.2674666666666667 0.39785750000000003 0.07988333333333321 0.10529250000000001
5 0.5415966666666667 0.2880775 0.06171000000000006 0.07796249999999993
11 0.21046 0.58553 0.09403666666666648 0.08797499999999996
8 0.39965 0.72342 0.09519333333333341 0.10512249999999987