6 0.4669933333333333 0.5623674999999999 0.05932333333333328 0.08404249999999998
5 0.15437 0.5912325 0.07339999999999999 0.08660499999999996
8 0.7366733333333334 0.5848500000000001 0.08070000000000022 0.0873050000000001
0 0.5596366666666667 0.4437175 0.05015000000000001 0.07516250000000006
2 0.6900133333333333 0.4880975 0.05878666666666656 0.07880500000000001
4 0.30518666666666666 0.43640249999999997 0.05574999999999998 0.08621999999999996
11 0.5996366666666667 0.38930250000000005 0.04391333333333331 0.052200000000000024
5 0.3839033333333334 0.4233725 0.04254333333333342 0.059402500000000025
7 0.40613000000000005 0.4840750000000001 0.05823333333333333 0.10490499999999994
1 0.23530666666666666 0.48014 0.06332000000000004 0.10659500000000008
11 0.68811 0.43020500000000006 0.04333333333333324 0.04174500000000005