1 0.6701928104575163 0.43081862745098043 0.06884967320261452 0.12528921568627444
2 0.8061503267973857 0.5607181372549019 0.08134313725490187 0.1067965686274512
5 0.13487581699346396 0.5915980392156862 0.08254901960784314 0.0943946078431372
7 0.4105163398692811 0.7685441176470589 0.0939575163398691 0.13952205882352936
10 0.36586928104575167 0.44085294117647056 0.07141830065359471 0.10973529411764708
5 0.9286470588235294 0.4786004901960784 0.07800000000000011 0.09092401960784322
11 0.1241209150326797 0.4924387254901961 0.0756830065359478 0.08761519607843145
4 0.6033071895424836 0.32867156862745095 0.06994117647058834 0.10590441176470593
2 0.6045228758169934 0.6780539215686274 0.087888888888889 0.09598529411764697
8 0.5321437908496731 0.5230294117647059 0.07034967320261434 0.09429411764705886
8 0.823156862745098 0.3677009803921569 0.06937581699346396 0.08071568627450984
11 0.36740196078431375 0.3642328431372549 0.052781045751634066 0.04191911764705889