4 0.37844444444444447 0.6581053921568627 0.06960130718954254 0.09881617647058824
2 0.5960196078431372 0.7043431372549019 0.07598366013071876 0.07722549019607836
1 0.5195228758169935 0.5891740196078431 0.06738235294117653 0.1043921568627452
11 0.30763725490196075 0.5027696078431373 0.05975816993464053 0.06839950980392154
7 0.5647222222222222 0.35892156862745106 0.05453594771241844 0.09879166666666675
11 0.7195620915032681 0.40863235294117645 0.05809803921568625 0.06766421568627456
5 0.6644150326797384 0.4703725490196078 0.05722549019607849 0.07014215686274508
2 0.05758823529411764 0.4716985294117646 0.07172549019607842 0.07171323529411762
10 0.3109084967320261 0.37687745098039216 0.05455555555555556 0.08840441176470586
8 0.4518921568627451 0.3389607843137255 0.04883986928104574 0.06295588235294121
5 0.30684967320261436 0.572313725490196 0.06141503267973848 0.07082598039215693
8 0.9389183006535948 0.5087377450980393 0.0641111111111113 0.07602696078431367