5 0.4962566666666666 0.3717575 0.033883333333333356 0.0385675
8 0.40386 0.4824625 0.03943999999999998 0.049967499999999984
4 0.5576866666666667 0.368725 0.029756666666666595 0.05348249999999997
6 0.5354066666666667 0.44419000000000003 0.03401333333333341 0.04784000000000006
2 0.36371000000000003 0.43537 0.035070000000000094 0.047804999999999966
0 0.41124666666666665 0.39665249999999996 0.03055999999999983 0.046555000000000034
5 0.6942233333333333 0.4260325 0.0337766666666667 0.043565000000000076
1 0.6186666666666667 0.383625 0.0337766666666667 0.060417500000000054
7 0.5329999999999999 0.39604000000000006 0.024223333333333368 0.05024750000000004
11 0.3417233333333333 0.3725075 0.02655666666666671 0.0373475
11 0.32760999999999996 0.41099500000000005 0.03033333333333322 0.04099000000000004
10 0.4168899999999999 0.35972000000000004 0.021333333333333353 0.027607499999999962