10 0.5023000000000001 0.4050025 0.03808333333333339 0.04851999999999994
0 0.55538 0.43671 0.04060666666666677 0.03994999999999997
6 0.5830666666666667 0.5836475 0.039159999999999924 0.03646000000000012
5 0.42158 0.675265 0.04424333333333337 0.03579500000000006
7 0.4992566666666667 0.5308474999999999 0.04257666666666668 0.04669749999999997
2 0.6734433333333333 0.4579700000000001 0.04111333333333344 0.042387500000000064
3 0.15481333333333333 0.9563750000000001 0.07104666666666665 0.047579999999999956
4 0.38083000000000006 0.49578750000000005 0.043129999999999905 0.04760249999999999
5 0.41757000000000005 0.4513375 0.041019999999999966 0.03965250000000005
8 0.7495166666666667 0.54326 0.04975666666666688 0.03633500000000005
11 0.54228 0.3477425 0.04128333333333334 0.04098500000000005
1 0.388 0.5694725 0.04266666666666671 0.043612499999999874
11 0.6402233333333334 0.39894 0.03599999999999994 0.04088000000000003