5 0.30417666666666665 0.7698775 0.07309333333333327 0.0776675
5 0.2909633333333333 0.445245 0.05023666666666671 0.0628775000000001
4 0.3854733333333334 0.6219625 0.0700933333333334 0.08947749999999992
0 0.6041266666666668 0.39245 0.04482666666666665 0.06095000000000006
6 0.5715600000000001 0.55115 0.060103333333333356 0.06894000000000008
0 0.6917000000000001 0.3949649999999999 0.04835333333333338 0.06331000000000002
11 0.59249 0.6847375 0.06606333333333343 0.07260750000000016
2 0.38502 0.4024325 0.048813333333333375 0.06551750000000003
8 0.7106566666666666 0.5993850000000001 0.07073333333333333 0.06819000000000006
7 0.37673333333333336 0.47787750000000007 0.05724333333333339 0.08604749999999992
10 0.6476666666666666 0.49318249999999997 0.05310999999999998 0.07769499999999993
11 0.7327766666666666 0.548335 0.05 0.05133750000000017
1 0.2036666666666667 0.521755 0.07177666666666666 0.08984249999999996