4 0.5126822916666667 0.7666357421875001 0.10156901041666669 0.13885009765625006
8 0.3326041666666667 0.65125244140625 0.10036458333333335 0.1049877929687499
5 0.7041178385416667 0.50780029296875 0.07763346354166648 0.09324707031250004
8 0.3150227864583333 0.4771923828125 0.077197265625 0.0900073242187501
2 0.15078450520833334 0.569541015625 0.08682617187500004 0.106103515625
2 0.636318359375 0.63870849609375 0.08734049479166663 0.10218994140624993
7 0.48111328124999997 0.5161767578125 0.07533203125000003 0.13386474609374996
10 0.10453124999999999 0.689794921875 0.10196289062500004 0.13545166015625015
11 0.15103841145833333 0.4527587890625 0.07349934895833332 0.08840820312499993
5 0.515263671875 0.428447265625 0.05975260416666662 0.07454833984375
11 0.4180989583333333 0.3920166015625 0.06698242187500002 0.08113281250000011
1 0.8850553385416666 0.597021484375 0.09621093750000019 0.14578857421875