4 0.3950633333333334 0.6909 0.07153666666666668 0.08962750000000011
2 0.41281000000000007 0.35999250000000005 0.05169333333333329 0.06679250000000003
0 0.7989400000000001 0.5890925 0.07211999999999984 0.07119999999999997
5 0.32976666666666665 0.41525999999999996 0.05315333333333332 0.06676250000000006
8 0.4614333333333333 0.503825 0.0710033333333333 0.07106000000000012
7 0.6765399999999999 0.4550350000000001 0.06971333333333334 0.09003250000000004
1 0.27116666666666667 0.5120850000000001 0.06946666666666669 0.09655749999999994
10 0.6034666666666667 0.5409550000000001 0.06788333333333346 0.08211250000000003
0 0.45291000000000003 0.43735750000000007 0.05494666666666674 0.06496500000000012
11 0.36380000000000007 0.558615 0.05987000000000009 0.07068499999999993
6 0.62537 0.65023 0.06885000000000001 0.07323499999999986