4 0.22887999999999994 0.6097625000000001 0.0708833333333331 0.0663475
8 0.48468 0.5561525 0.050643333333333256 0.06377500000000005
2 0.7413566666666667 0.579125 0.07291333333333345 0.052910000000000144
6 0.29228333333333334 0.49607999999999997 0.05639000000000015 0.058017500000000055
0 0.3568233333333333 0.403465 0.047526666666666745 0.05712500000000009
0 0.5809266666666666 0.5603475 0.05303000000000016 0.05379500000000004
10 0.4087699999999999 0.483065 0.054503333333333376 0.07056250000000013
11 0.40467000000000003 0.627415 0.05847333333333348 0.05503749999999989
5 0.64533 0.6453175 0.056819999999999975 0.05598499999999991
1 0.6590933333333333 0.44263250000000004 0.05762666666666665 0.07311499999999996
7 0.51989 0.42542749999999996 0.04689000000000002 0.073855