4 0.5171166666666667 0.47725249999999997 0.05928000000000004 0.08320249999999998
1 0.68829 0.5630149999999999 0.07409000000000011 0.089485
2 0.58966 0.40714999999999996 0.06560666666666677 0.06743499999999987
6 0.4465700000000001 0.5820725 0.060786666666666635 0.07052999999999994
5 0.32199666666666665 0.5073325 0.0624133333333333 0.07037750000000002
8 0.14871333333333325 0.4612475 0.07664666666666661 0.06939250000000001
10 0.46523000000000003 0.346165 0.04764000000000005 0.08601
0 0.4043733333333333 0.3946625 0.05431333333333346 0.07385250000000002
11 0.38450999999999996 0.30078250000000006 0.05161666666666657 0.061100000000000064
7 0.5649633333333334 0.65764 0.06737000000000014 0.08828250000000004
5 0.70377 0.44670750000000004 0.0613900000000001 0.06682249999999997
11 0.27110999999999996 0.372195 0.057776666666666664 0.06238999999999999