5 0.2148893229166666 0.657353515625 0.09030924479166676 0.1047290039062501
2 0.5001334635416667 0.712578125 0.09896484375000002 0.10221435546874993
8 0.3162141927083333 0.41951171875000004 0.07447265625000009 0.09471191406250004
1 0.7355664062499999 0.42657470703125 0.07674479166666662 0.13044677734374996
5 0.5739518229166668 0.53851318359375 0.07809244791666667 0.09749999999999996
7 0.6787044270833333 0.2783251953125 0.06505859374999995 0.12035156249999997
11 0.47098632812499996 0.2735400390625 0.06176432291666659 0.08121582031249996
11 0.16509114583333329 0.41138916015625 0.07122395833333334 0.08585449218749996
10 0.5500716145833332 0.35775146484375 0.06752604166666672 0.1135180664062501
4 0.9050585937500001 0.429814453125 0.08554036458333343 0.11325439453125004
2 0.13465494791666663 0.5009130859375 0.08660481770833334 0.0886279296875001
8 0.9236848958333332 0.5255322265625 0.08427083333333343 0.09864257812500003