2 0.8765397135416666 0.49260253906250007 0.07991536458333333 0.09963867187500011
2 0.5270377604166666 0.3586572265625 0.07219401041666676 0.08775146484374989
7 0.2810156250000001 0.74707763671875 0.09425781250000019 0.14662597656250007
5 0.7463834635416667 0.38940185546875 0.06988606770833337 0.08680175781249995
8 0.7310188802083334 0.5805859375 0.08362630208333334 0.09201171875000007
5 0.46334635416666664 0.46991455078125 0.07418294270833338 0.08735595703124996
1 0.2867936197916668 0.5338623046875 0.08132812500000004 0.13016357421875
4 0.09478190104166669 0.54157958984375 0.056315104166666664 0.11188232421874993
8 0.15322916666666658 0.46865234375 0.0682682291666668 0.10076904296875
10 0.4714127604166667 0.6286474609375 0.08221679687500003 0.12566162109374995
11 0.9047981770833334 0.590595703125 0.07987304687499991 0.09451171874999993
11 0.5770377604166667 0.8159375000000001 0.09492838541666657 0.1130126953125