11 0.6235333333333333 0.4325425 0.03874333333333339 0.04902999999999995
4 0.42338000000000003 0.3444025 0.037343333333333464 0.0575825
11 0.65936 0.3866775 0.038286666666666726 0.046600000000000016
7 0.39986666666666665 0.3820625 0.03269000000000008 0.07255250000000002
5 0.4883933333333334 0.3591525 0.03605333333333327 0.044094999999999995
1 0.33815666666666666 0.34987500000000005 0.042643333333333304 0.07199749999999998
8 0.4397466666666667 0.49481 0.04356333333333341 0.059474999999999945
6 0.3514333333333333 0.4259175 0.04115666666666667 0.05525000000000002
5 0.22619 0.3820175 0.0422366666666667 0.04814250000000002
2 0.54711 0.45023 0.03733333333333331 0.05412999999999997
0 0.544 0.39983 0.03466666666666664 0.05099500000000003
10 0.5676666666666667 0.3722525 0.026443333333333405 0.060840000000000005