1 0.3075162760416667 0.47212646484375 0.08249023437499996 0.12483154296874996
8 0.28009765625 0.7376611328125 0.1013313802083333 0.09954833984375
5 0.13724609375 0.64465576171875 0.09199544270833333 0.0985058593749999
4 0.17970703124999998 0.34876220703125 0.0787825520833333 0.11093017578124993
10 0.5284114583333334 0.347109375 0.07314778645833328 0.11365234375000002
11 0.41973307291666667 0.299951171875 0.06980794270833333 0.0880126953125
11 0.73505859375 0.3025537109375 0.07308593750000014 0.08569091796875003
7 0.9519368489583333 0.62428466796875 0.09548502604166677 0.12691894531249998
6 0.6668261718749999 0.6443212890625 0.08821940104166662 0.10333740234374993
5 0.855625 0.37960205078125 0.07893229166666653 0.08938720703125007
0 0.5443815104166666 0.49133544921874994 0.07941731770833324 0.09563720703125007