1 0.5256412760416667 0.27100830078125 0.06910481770833338 0.10848388671875
5 0.11422200520833332 0.72173095703125 0.08296223958333335 0.08930908203125014
2 0.10066731770833333 0.56245849609375 0.0865266927083333 0.0965991210937501
7 0.663408203125 0.38572021484375 0.07491536458333338 0.10934326171875001
5 0.3221484375 0.5058251953125 0.0723697916666667 0.08209472656249997
8 0.6324283854166667 0.5874609375 0.09347330729166667 0.08228515625000003
4 0.3838118489583333 0.34132080078125 0.06901367187499995 0.09713134765625
8 0.7087662760416666 0.7676220703125001 0.10090169270833348 0.08206054687500001
0 0.2189029947916667 0.406845703125 0.07004882812500005 0.08704101562499997
2 0.5488932291666667 0.72883544921875 0.08215820312499998 0.08680175781250003
6 0.4483040364583334 0.56334716796875 0.07199544270833336 0.087646484375
11 0.8787467447916667 0.42164306640625 0.07801432291666661 0.08412597656250002
10 0.7836165364583334 0.3005029296875 0.07796875000000014 0.10056884765624999
11 0.23160807291666666 0.2980224609375 0.06282552083333333 0.077978515625