5 0.07902994791666668 0.4917138671875 0.08084635416666668 0.09432861328124993
5 0.43357747395833335 0.44615966796875 0.07380208333333324 0.09100097656250003
4 0.7567838541666667 0.37819091796875004 0.07713867187500015 0.10798583984375001
7 0.9193815104166667 0.56072998046875 0.09564127604166686 0.13423583984375007
2 0.15024739583333332 0.640693359375 0.10458007812499996 0.10189697265624993
2 0.21903645833333335 0.37951416015624995 0.0717545572916667 0.10063232421874999
11 0.2842415364583334 0.72536376953125 0.09483398437499997 0.10885498046874993
8 0.40058268229166666 0.63261474609375 0.08242838541666657 0.10553222656250014
11 0.8269010416666666 0.72607666015625 0.09703776041666691 0.10679443359375007
10 0.6659342447916666 0.55975830078125 0.08505859375 0.1169848632812501
1 0.6585026041666667 0.42509277343749996 0.07046223958333328 0.11765625000000006
8 0.6414876302083333 0.34156494140625 0.06932617187499991 0.06978271484374998