2 0.7925325520833333 0.2691259765625 0.07189453124999995 0.08214843749999998
5 0.8846907552083334 0.4109033203125 0.07214843750000005 0.08187988281250007
1 0.4647623697916667 0.55149169921875 0.0796679687499998 0.11191894531249993
5 0.7079361979166666 0.5600927734375 0.07621093749999991 0.08460937500000014
10 0.3925162760416666 0.71437255859375 0.08339518229166672 0.10765380859375
0 0.6155436197916667 0.38284423828125 0.06736979166666662 0.08233886718750005
6 0.08761067708333327 0.3650244140625 0.07271158854166657 0.08436523437499996
4 0.6193033854166666 0.29462890625 0.06849283854166661 0.09378173828125007
11 0.45048828125 0.24222412109375 0.061197916666666664 0.07744628906250002
6 0.23069986979166662 0.5277685546875 0.07327473958333333 0.08202148437499997
11 0.38990885416666665 0.4445947265625 0.06767903645833329 0.0798828125
2 0.613623046875 0.6540283203125 0.08207356770833343 0.08495117187499997
7 0.9126497395833333 0.609130859375 0.09982747395833323 0.10715087890625004
8 0.283505859375 0.3507373046875 0.06579752604166676 0.08596923828124999