7 0.11160156249999999 0.2616943359375 0.088330078125 0.10880371093749996
4 0.7135123697916667 0.2897412109375 0.07978515625 0.09952880859375002
5 0.261328125 0.362490234375 0.07462890624999999 0.08222656250000009
2 0.15070638020833335 0.45540771484375 0.09547526041666667 0.08479736328125007
1 0.3369205729166667 0.5104248046875 0.08178059895833331 0.10072265625000014
8 0.8004427083333333 0.566943359375 0.1022037760416668 0.0750073242187499
0 0.5757063802083333 0.33717529296875 0.07435872395833319 0.08424072265625009
8 0.48845703125 0.67602783203125 0.09365234374999988 0.07840820312499996
10 0.11461914062500002 0.61573486328125 0.09791666666666667 0.0993115234374999
5 0.4259342447916667 0.19138671875 0.06906901041666665 0.08361572265624999
11 0.932177734375 0.382470703125 0.08423502604166658 0.08074462890625003
2 0.6994466145833333 0.1727685546875 0.07930013020833329 0.07723388671875005
6 0.8883235677083333 0.73461669921875 0.10521809895833342 0.07650146484375017
11 0.5702213541666666 0.5238818359375 0.08304036458333333 0.0808300781249999