8 0.7452552083333334 0.5341851851851851 0.04458333333333329 0.13569444444444434
8 0.5826510416666666 0.6943703703703703 0.039109375000000134 0.11215740740740733
9 0.43377604166666667 0.3034166666666666 0.0371458333333333 0.09587962962962959
3 0.4585885416666667 0.44325925925925924 0.03903125000000003 0.09745370370370365
1 0.5221875 0.5694907407407407 0.04654166666666661 0.15451851851851867
2 0.8299322916666666 0.4383333333333333 0.0508177083333333 0.13381481481481486
6 0.6152239583333333 0.06012962962962962 0.0464114583333334 0.1169722222222222
7 0.444640625 0.6140833333333333 0.04553124999999998 0.15010185185185193
9 0.6247447916666666 0.36084259259259255 0.03234374999999989 0.08655555555555558
11 0.7874947916666667 0.29724999999999996 0.04739062499999989 0.1223240740740741
7 0.5514427083333333 0.41036111111111107 0.043390624999999974 0.1485277777777777
11 0.6685468749999999 0.7316388888888888 0.037463541666666524 0.10748148148148139
0 0.6911927083333332 0.23777777777777775 0.04868749999999995 0.12187037037037038
3 0.49422395833333327 0.16957407407407404 0.044510416666666684 0.09784259259259262
0 0.6868749999999999 0.6124074074074073 0.04215104166666652 0.1195277777777777
6 0.5950416666666667 0.5805185185185185 0.03904166666666668 0.11748148148148153
5 0.6243177083333333 0.4972037037037037 0.04377604166666682 0.11134259259259253
2 0.6945416666666666 0.43599999999999994 0.04533854166666682 0.11857407407407408
5 0.7820833333333332 0.6140370370370369 0.041593750000000096 0.11352777777777763
4 0.6148645833333333 0.2613055555555555 0.045703125 0.15807407407407406