3 0.14366666666666666 0.6165 0.062124999999999986 0.16964814814814813
3 0.51653125 0.4307037037037037 0.046937499999999945 0.13570370370370377
6 0.4842395833333333 0.23144444444444442 0.04533854166666664 0.15997222222222224
0 0.24159375 0.4741759259259259 0.06680208333333333 0.21161111111111097
6 0.023322916666666665 0.4717407407407407 0.04631770833333334 0.21959259259259262
4 0.5353854166666666 0.6814259259259259 0.07793229166666667 0.26997222222222206
9 0.09772395833333333 0.4489537037037037 0.053953125000000025 0.15550000000000005
1 0.375828125 0.36343518518518514 0.04549479166666659 0.24902777777777776
7 0.626203125 0.6487222222222222 0.0786666666666667 0.30386111111111125
10 0.39954166666666663 0.30134259259259255 0.03791666666666664 0.21110185185185187
0 0.361859375 0.18866666666666662 0.03090104166666663 0.14582407407407408