3 0.7694947916666667 0.2217777777777778 0.051192708333333316 0.1497129629629629
4 0.4005989583333333 0.5363425925925925 0.06369791666666665 0.28196296296296297
0 0.8299791666666666 0.20639814814814814 0.062010416666666755 0.20027777777777775
0 0.5725208333333333 0.09208333333333332 0.05169791666666672 0.184
7 0.5246718749999999 0.2559074074074074 0.03802604166666672 0.2749814814814815
6 0.7275520833333333 0.4467037037037037 0.05905208333333345 0.14169444444444443
3 0.20524479166666665 0.3678888888888889 0.058005208333333336 0.15313888888888888
6 0.2667604166666666 0.3006111111111111 0.06134374999999999 0.20789814814814808
1 0.3442708333333333 0.4524444444444444 0.040786458333333275 0.31007407407407406
10 0.48791666666666667 0.20079629629629628 0.03416666666666668 0.22677777777777774
9 0.5132291666666666 0.05586111111111111 0.028541666666666642 0.06653703703703699
9 0.7224999999999999 0.6017962962962963 0.04500000000000011 0.16211111111111098