4 0.33041666666666664 0.5233981481481481 0.08583333333333334 0.2905092592592592
1 0.258125 0.23288888888888887 0.06208333333333336 0.26133333333333336
2 0.17249999999999996 0.42878703703703697 0.0783333333333333 0.21610185185185185
3 0.8011458333333333 0.6148796296296297 0.07104166666666671 0.1845740740740739
5 0.6104166666666666 0.2132685185185185 0.054166666666666606 0.15542592592592588
6 0.3734375 0.3212129629629629 0.053125 0.1972407407407407
9 0.5466666666666666 0.4984166666666666 0.05999999999999996 0.17756481481481484
10 0.5514583333333333 0.2777037037037037 0.057083333333333285 0.23984259259259252
11 0.7260416666666666 0.29085185185185186 0.04791666666666661 0.16614814814814818
7 0.7706249999999999 0.37805555555555553 0.04541666666666657 0.29980555555555555
8 0.45281249999999995 0.21937962962962962 0.05770833333333325 0.16394444444444448
0 0.36166666666666664 0.1858611111111111 0.04833333333333334 0.17469444444444443