9 0.31177083333333333 0.4132407407407407 0.04645833333333336 0.1257500000000001
9 0.2633333333333333 0.5722962962962963 0.06000000000000005 0.12162962962962953
9 0.2616666666666666 0.23160185185185184 0.039999999999999945 0.10690740740740744
9 0.4773958333333333 0.1516111111111111 0.031874999999999966 0.10989814814814815
9 0.5782291666666667 0.18179629629629626 0.03354166666666671 0.09988888888888883
9 0.6205208333333333 0.0888425925925926 0.03895833333333343 0.09917592592592589
9 0.5818749999999999 0.5719259259259258 0.042916666666666714 0.11348148148148138
9 0.5027083333333333 0.5245277777777777 0.042916666666666714 0.10757407407407413
3 0.2936458333333333 0.12569444444444444 0.03937499999999998 0.10249999999999998
3 0.38499999999999995 0.16420370370370369 0.036666666666666715 0.10544444444444447
3 0.525 0.09291666666666666 0.033333333333333395 0.09991666666666667
3 0.6678124999999999 0.22771296296296295 0.03770833333333332 0.10284259259259261
3 0.7024999999999999 0.12532407407407406 0.03833333333333329 0.1091666666666667
3 0.7188541666666667 0.5593333333333333 0.052291666666666715 0.11792592592592589
3 0.2384375 0.7633796296296296 0.04979166666666668 0.11861111111111092
3 0.41916666666666663 0.35343518518518513 0.046666666666666676 0.10613888888888884
2 0.3467708333333333 0.30307407407407405 0.05812499999999998 0.13874074074074072
2 0.3513541666666667 0.05885185185185186 0.05062500000000005 0.11769444444444446
0 0.4101041666666666 0.47100925925925924 0.05145833333333325 0.13758333333333342
0 0.5386458333333334 0.3947222222222222 0.04604166666666672 0.14797222222222234
1 0.36635416666666665 0.6383888888888889 0.055624999999999945 0.20567592592592612
4 0.5986458333333333 0.28344444444444444 0.04937500000000004 0.16614814814814816
10 0.7185416666666666 0.32547222222222216 0.04958333333333318 0.16502777777777786
11 0.8133333333333332 0.4158333333333333 0.05999999999999979 0.13833333333333336
5 0.8580208333333333 0.5495185185185185 0.06395833333333342 0.14644444444444452
6 0.6891666666666667 0.7076481481481481 0.06166666666666672 0.1441851851851851
6 0.6399999999999999 0.45638888888888884 0.054999999999999896 0.14906481481481487
7 0.5152083333333334 0.6680185185185186 0.06791666666666671 0.20566666666666655
8 0.49364583333333323 0.2743703703703704 0.04770833333333328 0.13689814814814813
11 0.425625 0.23030555555555554 0.047083333333333324 0.1302407407407407