3 0.5211041666666667 0.40707407407407403 0.05002083333333331 0.13962962962962958
4 0.7824583333333333 0.647824074074074 0.08049479166666665 0.23933333333333323
1 0.6313020833333334 0.24235185185185187 0.05323437500000008 0.24655555555555553
3 0.9270572916666666 0.3218981481481481 0.054635416666666714 0.1429629629629629
0 0.7938958333333334 0.2662222222222222 0.05822395833333331 0.18240740740740738
6 0.9227239583333333 0.14500925925925925 0.05868229166666659 0.17342592592592593
7 0.7005520833333334 0.7032962962962962 0.0722291666666667 0.27615740740740746
6 0.36810937500000007 0.17420370370370367 0.04859375000000003 0.1695092592592592
9 0.477359375 0.13037962962962962 0.034614583333333296 0.12287037037037034
9 0.8440416666666668 0.16819444444444442 0.04695312499999993 0.13205555555555554
0 0.4479166666666667 0.07522222222222223 0.03511458333333337 0.14917592592592593
10 0.55371875 0.1953148148148148 0.05052083333333339 0.21362037037037038