8 0.44909374999999996 0.6706388888888888 0.06503645833333334 0.1636296296296297
0 0.39411979166666666 0.5113333333333333 0.05535937499999992 0.16384259259259262
9 0.4222083333333333 0.37484259259259256 0.04296875 0.11866666666666659
3 0.7771249999999998 0.4263240740740741 0.051046875000000116 0.11487037037037043
9 0.30367708333333326 0.4289814814814815 0.048697916666666695 0.12368518518518527
6 0.5753124999999999 0.8467592592592592 0.06175520833333348 0.16202777777777788
3 0.6357604166666666 0.4812592592592593 0.04833854166666658 0.11397222222222214
9 0.7025208333333333 0.6599814814814814 0.04981770833333332 0.1194537037037037
3 0.4332604166666666 0.8502962962962963 0.05471874999999997 0.13129629629629624
3 0.720796875 0.19404629629629627 0.042739583333333366 0.10342592592592596
3 0.6730364583333334 0.7800185185185183 0.05623437499999984 0.12204629629629614
3 0.6041979166666666 0.2607222222222222 0.04125520833333329 0.11003703703703707
6 0.19400520833333332 0.29515740740740737 0.04939062500000002 0.15193518518518517
0 0.22542187499999997 0.7084629629629628 0.06679166666666667 0.16944444444444445
9 0.7365989583333332 0.3138703703703704 0.04591666666666665 0.10679629629629628
9 0.25051562499999996 0.17722222222222223 0.0403645833333333 0.1153055555555556
3 0.41001562499999994 0.23916666666666664 0.040473958333333296 0.11057407407407409
9 0.8302343749999999 0.5323611111111112 0.03493229166666687 0.06946296296296295
2 0.7843072916666666 0.619324074074074 0.06852604166666687 0.15146296296296288
3 0.6494479166666667 0.14425 0.039942708333333424 0.10485185185185186
2 0.5836458333333333 0.14860185185185187 0.05270833333333318 0.12979629629629627
1 0.5076041666666666 0.16543518518518516 0.05479166666666675 0.21162037037037038
4 0.23552083333333332 0.4946018518518518 0.06062500000000002 0.2106851851851851
10 0.26447916666666665 0.9057407407407407 0.07270833333333337 0.18851851851851853
8 0.6641666666666667 0.3505833333333333 0.05333333333333332 0.13745370370370374
9 0.4070833333333333 0.1350925925925926 0.03916666666666675 0.10648148148148147
9 0.5216666666666667 0.47036111111111106 0.05166666666666675 0.11405555555555556
11 0.526875 0.34539814814814807 0.05791666666666675 0.1270925925925926
11 0.5985416666666666 0.618462962962963 0.05958333333333332 0.1583981481481481
7 0.325890625 0.10265740740740739 0.051213541666666626 0.17125
5 0.8493749999999999 0.777861111111111 0.06958333333333329 0.14757407407407408
5 0.2976041666666666 0.2617129629629629 0.04312499999999995 0.13750925925925925