3 0.275328125 0.3696111111111111 0.048125000000000015 0.11771296296296296
0 0.46531770833333325 0.40195370370370365 0.051864583333333235 0.1593796296296296
3 0.29024479166666667 0.6084351851851851 0.050223958333333395 0.12727777777777777
9 0.3027447916666667 0.2818796296296296 0.043479166666666645 0.11310185185185177
0 0.39231249999999995 0.4908148148148148 0.05353124999999999 0.15004629629629626
3 0.23575 0.5588888888888889 0.05307291666666662 0.12301851851851843
2 0.36701562499999996 0.22276851851851853 0.04771875000000003 0.14167592592592593
9 0.33212499999999995 0.4506851851851852 0.0497395833333333 0.12151851851851853
3 0.5446770833333333 0.3638333333333333 0.04285937499999992 0.11778703703703708
9 0.7700729166666667 0.6813240740740741 0.056869791666666634 0.14536111111111108
3 0.5730052083333333 0.17394444444444446 0.03889062499999998 0.10276851851851852
9 0.7918541666666666 0.1711666666666667 0.037354166666666536 0.11349999999999996
5 0.6259583333333333 0.5271851851851852 0.05349999999999984 0.15726851851851853
9 0.5153958333333333 0.6606018518518518 0.052302083333333374 0.13682407407407407
6 0.7923177083333333 0.5431759259259259 0.05763020833333332 0.1831574074074074
8 0.3961614583333333 0.6164722222222222 0.06741666666666672 0.16700000000000018
9 0.434484375 0.3316296296296296 0.028156249999999973 0.1094351851851851
3 0.4415104166666667 0.19971296296296295 0.03872395833333329 0.10149999999999998
11 0.804375 0.3328055555555556 0.05458333333333343 0.16116666666666674
11 0.7237499999999999 0.15786111111111112 0.03916666666666657 0.12609259259259262
7 0.5888541666666666 0.6728796296296297 0.06729166666666657 0.24500925925925937
8 0.6125 0.2713425925925926 0.05 0.1419444444444445
2 0.4961458333333333 0.25967592592592587 0.04437499999999996 0.14454629629629628
5 0.6898958333333333 0.12749999999999997 0.04020833333333318 0.12462962962962965
6 0.7159374999999999 0.2622685185185185 0.04645833333333318 0.15712962962962962
9 0.6891666666666667 0.45037037037037037 0.04500000000000011 0.11850925925925931
4 0.7487499999999999 0.41980555555555554 0.05583333333333318 0.19443518518518518