2 0.390625 0.13791666666666663 0.039583333333333394 0.08990740740740742
2 0.3484375 0.33085185185185184 0.038541666666666606 0.08318518518518517
3 0.33125 0.1855 0.029166666666666608 0.07766666666666669
3 0.2958333333333334 0.2443796296296296 0.033333333333333395 0.06950925925925928
3 0.2489583333333334 0.3191851851851852 0.03125 0.07096296296296292
3 0.3758333333333333 0.4725000000000001 0.03166666666666682 0.06648148148148149
3 0.4161458333333334 0.5839629629629629 0.03229166666666661 0.05978703703703698
3 0.5803125 0.41343518518518513 0.028958333333333287 0.06316666666666669
3 0.5821875000000001 0.3214074074074074 0.029375000000000106 0.06059259259259267
3 0.495 0.18698148148148147 0.026666666666666748 0.0658148148148148
0 0.5079166666666668 0.4389814814814815 0.03416666666666668 0.0772314814814815
0 0.4379166666666666 0.42954629629629626 0.032500000000000105 0.0694537037037037
9 0.5051041666666667 0.32437037037037036 0.03354166666666671 0.06651851851851857
9 0.4397916666666667 0.1234722222222222 0.03291666666666657 0.06842592592592595
9 0.4052083333333334 0.3256666666666667 0.027083333333333393 0.05799999999999999
9 0.2577083333333333 0.4128796296296296 0.030416666666666713 0.058351851851851835
9 0.14260416666666664 0.5822962962962963 0.03354166666666671 0.060157407407407486
9 0.36072916666666666 0.6806203703703704 0.03479166666666682 0.06790740740740739
9 0.43062500000000004 0.8828148148148148 0.03458333333333332 0.05748148148148131
9 0.5141666666666668 0.647287037037037 0.029999999999999895 0.06050925925925917
8 0.5445833333333334 0.5150833333333332 0.03583333333333325 0.08498148148148141
8 0.30208333333333337 0.46638888888888885 0.0375 0.08759259259259267
1 0.6422916666666667 0.4699074074074074 0.0529166666666665 0.0835185185185185
10 0.32562500000000005 0.6017407407407407 0.03624999999999989 0.08051851851851856
8 0.5108333333333334 0.746537037037037 0.04500000000000011 0.081212962962963
9 0.375 0.8467037037037037 0.04166666666666661 0.07044444444444448
11 0.25510416666666663 0.7328333333333333 0.04187500000000011 0.07603703703703704
11 0.17479166666666668 0.4952777777777777 0.03791666666666664 0.0712870370370371
9 0.25093750000000004 0.5891481481481481 0.03354166666666671 0.07014814814814814
5 0.15916666666666668 0.4282407407407407 0.040000000000000216 0.08389814814814811
5 0.42708333333333337 0.6748796296296296 0.0375 0.06753703703703703
4 0.3377083333333334 0.7478333333333332 0.03708333333333318 0.07269444444444433