8 0.6171354166666667 0.3129814814814814 0.05146354166666658 0.09656481481481478
9 0.4246614583333333 0.27920370370370373 0.03653645833333332 0.07647222222222222
7 0.48825 0.48882407407407397 0.04030208333333345 0.1084537037037036
9 0.379671875 0.6656296296296296 0.040213541666666686 0.07117592592592609
5 0.648671875 0.15368518518518517 0.040953125000000055 0.09787037037037037
3 0.272734375 0.7132037037037037 0.041703124999999994 0.07439814814814806
0 0.38755729166666664 0.11349074074074073 0.037588541666666676 0.10182407407407407
5 0.2057864583333333 0.5628333333333333 0.04826041666666665 0.0904537037037037
10 0.5837447916666666 0.6719444444444445 0.044703125000000024 0.09567592592592591
11 0.3074375 0.1433148148148148 0.04053125 0.0973888888888889
3 0.7155156249999999 0.8039166666666666 0.0417239583333334 0.07300925925925918
8 0.4725052083333333 0.8610185185185184 0.04637499999999992 0.09165740740740741
4 0.4887395833333333 0.6379814814814815 0.045364583333333285 0.09882407407407404
11 0.3048958333333333 0.9243055555555556 0.05354166666666664 0.08861111111111104
2 0.3514583333333333 0.45555555555555555 0.04874999999999998 0.0992592592592593
2 0.659375 0.48480555555555555 0.04791666666666661 0.09109259259259249
1 0.5184374999999999 0.15749074074074074 0.04312500000000004 0.13275925925925927
6 0.25125 0.3402222222222222 0.044166666666666646 0.0871018518518519