9 0.28625 0.7606296296296295 0.08916666666666666 0.250138888888889
6 0.3883333333333333 0.6887870370370369 0.08999999999999994 0.33756481481481476
6 0.21374999999999997 0.5062592592592593 0.060833333333333316 0.22288888888888891
1 0.11958333333333333 0.38464814814814813 0.04083333333333335 0.12262037037037032
3 0.15177083333333333 0.5283055555555556 0.034791666666666644 0.15215740740740735
9 0.5710416666666667 0.554962962962963 0.03458333333333332 0.14325925925925923
0 0.6204166666666666 0.5516203703703704 0.04916666666666671 0.2210185185185185
0 0.8112499999999999 0.6815648148148148 0.07249999999999987 0.30462037037037026
3 0.73875 0.6810277777777778 0.06416666666666657 0.19909259259259263
4 0.07791666666666666 0.5460462962962963 0.05583333333333331 0.33579629629629626
7 0.3991666666666666 0.4435092592592592 0.0483333333333333 0.16775925925925936
10 0.4461458333333333 0.5231018518518519 0.04437499999999996 0.2750925925925925