1 0.5650208333333333 0.2979444444444444 0.06325520833333335 0.2709351851851851
10 0.4742760416666668 0.6344444444444445 0.04371875000000003 0.1876944444444444
4 0.4179583333333333 0.5317037037037037 0.0519479166666665 0.20219444444444434
2 0.5194531250000001 0.6922037037037037 0.040703125000000104 0.14191666666666675
7 0.29917187500000003 0.6411296296296296 0.04381770833333345 0.22070370370370365
5 0.40845312500000003 0.3446666666666667 0.054375000000000104 0.16401851851851848
0 0.6280989583333334 0.44388888888888883 0.05118749999999998 0.18326851851851858
6 0.639453125 0.5665833333333332 0.041703125000000084 0.15463888888888894
8 0.1447968750000001 0.26087037037037036 0.06978125000000013 0.1973333333333334
3 0.18608333333333338 0.39322222222222225 0.05665104166666666 0.1410462962962964
5 0.18849479166666683 0.5204259259259258 0.05530208333333322 0.16087962962962968
3 0.354703125 0.6926388888888888 0.03885937500000001 0.10714814814814828