10 0.39260416666666664 0.6096851851851852 0.0507447916666667 0.1408333333333333
3 0.7174375 0.7931759259259258 0.047171875000000085 0.08990740740740742
6 0.22522916666666665 0.5328148148148149 0.05167708333333332 0.11637037037037049
0 0.22594791666666664 0.7433981481481482 0.05689583333333337 0.11636111111111107
7 0.6413802083333333 0.23964814814814814 0.04453125 0.15351851851851855
3 0.4450677083333333 0.4272685185185185 0.04118229166666669 0.09207407407407402
0 0.6045052083333333 0.7368333333333333 0.05131770833333338 0.11273148148148159
1 0.47959375 0.5939537037037037 0.05021354166666665 0.14129629629629617
9 0.2706458333333333 0.710324074074074 0.044072916666666725 0.0868518518518518
4 0.6776302083333332 0.3274537037037037 0.04886979166666663 0.14494444444444446
9 0.6104843750000001 0.961962962962963 0.048979166666666706 0.07607407407407404