3 0.86353125 0.5698425925925925 0.04097395833333337 0.10489814814814812
6 0.9036197916666666 0.7591851851851851 0.05118749999999998 0.16489814814814818
0 0.7736302083333333 0.7913518518518519 0.05427083333333336 0.17309259259259274
7 0.8636145833333334 0.37576851851851845 0.03743229166666673 0.16466666666666674
4 0.8117395833333333 0.3845648148148148 0.039057291666666674 0.14243518518518528
9 0.5684322916666666 0.5592222222222222 0.03322916666666664 0.09951851851851848
3 0.6131145833333334 0.4731944444444444 0.03333854166666672 0.08605555555555545
0 0.6591250000000001 0.5073425925925925 0.04081249999999983 0.1306203703703703
6 0.53015625 0.5106388888888889 0.03029687499999998 0.11075925925925927
1 0.7435781250000001 0.5408425925925926 0.029921874999999966 0.18876851851851864
10 0.774890625 0.6101018518518518 0.04115625000000005 0.1669722222222221