0 0.5936145833333333 0.6159629629629629 0.061203125000000115 0.20429629629629617
0 0.8067239583333332 0.7272592592592593 0.08121354166666661 0.27546296296296285
3 0.738015625 0.7386574074074073 0.06416145833333342 0.18684259259259256
6 0.197625 0.5776481481481481 0.061572916666666686 0.22374074074074077
9 0.5480364583333334 0.620824074074074 0.04383333333333326 0.13865740740740745
9 0.3505208333333333 0.8174629629629628 0.07062499999999998 0.2578796296296296
6 0.44749999999999995 0.7506203703703703 0.06500000000000003 0.3293796296296297
4 0.10083333333333333 0.6330555555555556 0.07166666666666663 0.3128148148148147
7 0.40114583333333337 0.5621666666666667 0.04270833333333335 0.27099074074074075
10 0.4387499999999999 0.5185 0.032500000000000105 0.11847222222222231
1 0.14520833333333333 0.5723333333333334 0.036250000000000025 0.36614814814814817