9 0.14836458333333333 0.3429351851851852 0.037796874999999994 0.09804629629629626
6 0.1495520833333333 0.49040740740740735 0.0461302083333333 0.12049074074074073
4 0.24784375 0.637074074074074 0.044791666666666695 0.1360555555555556
0 0.2921145833333333 0.8004166666666666 0.0455364583333334 0.1161666666666668
3 0.4551354166666666 0.7887777777777777 0.03973437499999992 0.09289814814814798
0 0.358109375 0.5632777777777778 0.04211458333333331 0.11014814814814823
3 0.50625 0.4119814814814815 0.036307291666666686 0.08268518518518514
3 0.58690625 0.30074999999999996 0.03690625000000001 0.08509259259259257
3 0.5853437499999999 0.6137962962962962 0.03526562500000008 0.08950925925925933
3 0.29375 0.3171481481481481 0.033927083333333385 0.08614814814814811
3 0.4406979166666666 0.23912037037037034 0.03169791666666662 0.08352777777777776
3 0.503421875 0.12325925925925926 0.0336302083333333 0.074037037037037
3 0.4416666666666666 0.10884259259259259 0.032140625000000075 0.0795925925925926
10 0.3731406249999999 0.9166018518518517 0.05431770833333327 0.13775925925925933
7 0.20357291666666666 0.26225925925925925 0.04404687499999997 0.15362037037037032
9 0.26101041666666663 0.22087037037037033 0.033927083333333385 0.08406481481481486
9 0.33757291666666667 0.42983333333333335 0.0367552083333333 0.0892962962962964
9 0.26934375 0.5366944444444444 0.03869270833333331 0.08079629629629624
9 0.4323645833333333 0.4597222222222222 0.03288541666666678 0.08028703703703713
9 0.582140625 0.5155370370370369 0.033333333333333395 0.08080555555555549
9 0.635265625 0.38129629629629624 0.03541666666666661 0.08480555555555559
9 0.5376510416666667 0.2260277777777778 0.030656250000000006 0.07586111111111112
2 0.3996302083333333 0.15182407407407408 0.032885416666666736 0.09942592592592589
2 0.6299843749999999 0.4582685185185186 0.047171875000000085 0.1064814814814816
8 0.4333333333333333 0.6566666666666666 0.051192708333333316 0.11174999999999997
8 0.5026041666666666 0.2992962962962963 0.03645833333333339 0.1007037037037037
11 0.4083333333333333 0.35444444444444445 0.03690624999999996 0.10253703703703707
11 0.512796875 0.5358981481481481 0.04345312500000009 0.10566666666666656
5 0.216890625 0.4039074074074074 0.042411458333333305 0.11151851851851859
5 0.686609375 0.5439722222222222 0.04583333333333339 0.09799074074074067
1 0.357140625 0.21728703703703703 0.0416666666666667 0.14834259259259255
6 0.5413541666666667 0.7196851851851851 0.04729166666666664 0.12011111111111114