2 0.73965625 0.30787962962962967 0.06232812499999998 0.16060185185185183
3 0.878109375 0.5801574074074074 0.060286458333333216 0.15598148148148155
11 0.2803958333333333 0.10942592592592591 0.04308333333333332 0.1316574074074074
4 0.5124010416666666 0.40499999999999997 0.05898958333333333 0.22808333333333322
5 0.10450520833333332 0.376287037037037 0.0650208333333333 0.16773148148148145
8 0.49556249999999996 0.6346296296296295 0.07166145833333334 0.20678703703703685
8 0.6622604166666666 0.19699999999999995 0.05478124999999991 0.1508333333333333
2 0.3194166666666666 0.29089814814814813 0.06069270833333329 0.16421296296296298
6 0.651140625 0.8233518518518518 0.07835416666666664 0.24596296296296286
6 0.19582812499999996 0.21302777777777776 0.05037500000000002 0.16850925925925925
0 0.376078125 0.08374074074074074 0.04195833333333328 0.15089814814814817
9 0.4207552083333333 0.1898796296296296 0.03982812500000001 0.1165185185185185
5 0.6903385416666666 0.11434259259259258 0.030812499999999864 0.129537037037037
11 0.20918229166666666 0.7100740740740741 0.08008333333333333 0.2113611111111112
3 0.18236458333333333 0.506962962962963 0.05847916666666664 0.149888888888889
0 0.40165624999999994 0.8214907407407408 0.08078645833333323 0.245351851851852
9 0.3498854166666666 0.46368518518518514 0.05113020833333337 0.14260185185185179
10 0.6539635416666666 0.43021296296296296 0.0632239583333332 0.23688888888888882
1 0.5352447916666667 0.09393518518518518 0.04369791666666671 0.18676851851851856
7 0.5083333333333333 0.21802777777777774 0.033333333333333395 0.12420370370370364