4 0.31721875 0.7844814814814813 0.08013020833333329 0.2793518518518519
7 0.41196874999999994 0.8054907407407405 0.0768489583333333 0.32889814814814805
10 0.4677083333333333 0.3844814814814815 0.051718750000000036 0.2104629629629629
3 0.09673958333333332 0.5556481481481481 0.053218749999999995 0.14568518518518517
0 0.23342187499999997 0.4781111111111111 0.06173437499999999 0.19572222222222216
3 0.5291041666666667 0.5575370370370369 0.05267187499999988 0.14351851851851857
9 0.165421875 0.41721296296296295 0.05076041666666668 0.1317314814814815
6 0.07977604166666666 0.4006388888888889 0.05784895833333333 0.17506481481481487
6 0.6344583333333333 0.3501574074074074 0.048609375000000024 0.16651851851851848
1 0.40113541666666663 0.4293148148148148 0.055255208333333306 0.25831481481481483
9 0.52184375 0.3379537037037037 0.034072916666666765 0.1169166666666666
0 0.5456510416666667 0.28402777777777777 0.029140624999999965 0.14727777777777773