8 0.5725520833333333 0.14791666666666667 0.05552083333333328 0.12647222222222224
1 0.3938020833333333 0.2325185185185185 0.06090625000000003 0.16353703703703704
0 0.4805729166666667 0.08710185185185183 0.048531250000000095 0.13160185185185186
2 0.34120833333333334 0.5191481481481481 0.06720833333333331 0.13514814814814824
9 0.6488072916666667 0.6391944444444445 0.04885416666666682 0.0938425925925925
5 0.7250208333333333 0.13690740740740742 0.05088541666666657 0.12974074074074074
6 0.49953125 0.3689907407407407 0.04947916666666661 0.11960185185185186
4 0.4763854166666667 0.7135 0.06053645833333334 0.13286111111111124
3 0.8427604166666665 0.8296759259259258 0.05433854166666663 0.08940740740740726
7 0.8377604166666666 0.570037037037037 0.06683854166666663 0.14638888888888885
10 0.6599583333333332 0.32537037037037037 0.05550520833333348 0.15971296296296297
11 0.83190625 0.3177962962962963 0.05617187500000007 0.13833333333333336