3 0.2660104166666667 0.26762037037037034 0.03895833333333343 0.09799074074074075
3 0.2850416666666667 0.6652592592592593 0.048911458333333255 0.11299074074074061
0 0.4454062500000001 0.4703055555555556 0.04556249999999995 0.1389074074074074
3 0.7543854166666667 0.7406666666666666 0.053932291666666646 0.12740740740740744
3 0.30369270833333334 0.3504907407407407 0.03908854166666682 0.10144444444444439
9 0.6586406250000001 0.4468333333333333 0.04098437500000003 0.11440740740740742
3 0.435328125 0.20406481481481478 0.03368749999999991 0.09471296296296296
9 0.717828125 0.5786111111111111 0.04773437500000011 0.11837037037037024
9 0.6924218750000001 0.27937962962962964 0.039708333333333276 0.10814814814814808
9 0.4141562500000001 0.6432777777777777 0.043906250000000036 0.11349999999999988
3 0.573234375 0.23946296296296296 0.034187499999999996 0.10140740740740739
5 0.14704166666666668 0.676148148148148 0.06640104166666667 0.13880555555555563
2 0.6173229166666667 0.35462037037037036 0.05244791666666657 0.13537962962962966
9 0.3909166666666667 0.29092592592592587 0.03259895833333335 0.09586111111111109
3 0.655375 0.19489814814814813 0.038374999999999916 0.10060185185185178
2 0.59359375 0.13833333333333334 0.04580729166666675 0.12657407407407406
11 0.17505208333333327 0.5501203703703703 0.06115104166666656 0.13502777777777766
11 0.5381822916666666 0.30187962962962955 0.03963020833333335 0.12131481481481485
0 0.57278125 0.5129351851851852 0.05017708333333335 0.13736111111111107
10 0.264328125 0.44480555555555557 0.05873958333333338 0.16481481481481478
9 0.3423333333333334 0.21987962962962962 0.032578125000000034 0.10227777777777776
6 0.31848437500000004 0.789287037037037 0.05649999999999995 0.14751851851851858
8 0.47551562500000005 0.3526111111111111 0.048140624999999916 0.15139814814814814
5 0.2236041666666667 0.38055555555555554 0.027427083333333258 0.07725925925925926
6 0.349796875 0.549074074074074 0.04842187499999984 0.14482407407407422
9 0.48340104166666664 0.24500925925925926 0.03090104166666663 0.09105555555555556
8 0.21291666666666664 0.7467592592592592 0.057500000000000016 0.14462962962962977
7 0.48625000000000007 0.7112037037037037 0.044166666666666646 0.192037037037037
1 0.6317708333333334 0.6524722222222222 0.05729166666666678 0.20420370370370367
3 0.5543750000000001 0.41121296296296295 0.03916666666666675 0.08836111111111111
4 0.37958333333333333 0.38362037037037033 0.05125000000000011 0.15538888888888888
9 0.4878125000000001 0.5754537037037036 0.04104166666666664 0.09461111111111112