8 0.5799010416666667 0.15098148148148147 0.05616666666666674 0.13698148148148145
5 0.72775 0.1431111111111111 0.04978125000000002 0.13504629629629633
1 0.40380208333333323 0.2166111111111111 0.058744791666666664 0.1834629629629629
6 0.5073229166666666 0.34471296296296294 0.05183854166666659 0.13961111111111107
4 0.4805 0.6631018518518518 0.06247395833333336 0.16477777777777783
3 0.8566927083333333 0.7851759259259258 0.05735416666666673 0.10882407407407395
9 0.6554895833333333 0.600537037037037 0.048776041666666714 0.10907407407407403
2 0.3458802083333333 0.485324074074074 0.06276562500000002 0.14865740740740738
0 0.49126041666666664 0.09555555555555557 0.04775000000000009 0.14171296296296296
10 0.6662968749999999 0.3060833333333333 0.05288020833333338 0.1692685185185185
11 0.835765625 0.30530555555555555 0.056031249999999845 0.14031481481481478
7 0.8469687499999999 0.5252037037037037 0.07081770833333323 0.1813055555555555