3 0.3558229166666666 0.5189074074074074 0.048744791666666655 0.13956481481481484
0 0.5701302083333333 0.7198888888888888 0.07136979166666677 0.2269166666666665
3 0.7195885416666666 0.8019166666666666 0.06432812500000011 0.15643518518518534
7 0.5758854166666667 0.4222592592592592 0.04651562499999997 0.22388888888888894
0 0.041026041666666666 0.6487685185185185 0.07352083333333333 0.25122222222222224
6 0.0719375 0.5081481481481481 0.04697395833333333 0.21018518518518522
4 0.6233697916666665 0.48368518518518516 0.05776041666666672 0.20857407407407402
9 0.11123958333333332 0.6601759259259259 0.054749999999999986 0.18034259259259264
10 0.29013541666666665 0.5807314814814815 0.06245312500000004 0.26309259259259243
1 0.4086510416666666 0.5775092592592592 0.05446354166666665 0.293111111111111
6 0.7190260416666666 0.9232962962962963 0.06547916666666662 0.14748148148148157
9 0.5974999999999999 0.9131481481481482 0.06833333333333318 0.1737037037037036