3 0.5640729166666667 0.1983796296296296 0.04216145833333336 0.1121944444444444
9 0.5252916666666667 0.6691759259259259 0.04773958333333343 0.13518518518518524
3 0.49930208333333337 0.37070370370370365 0.04516145833333329 0.12183333333333338
0 0.5840677083333333 0.3306944444444444 0.04982291666666665 0.15893518518518512
0 0.20263541666666676 0.4204537037037037 0.057916666666666484 0.17223148148148149
6 0.43711979166666665 0.24586111111111109 0.04727604166666666 0.1522314814814814
5 0.7108697916666668 0.6849722222222222 0.07140104166666675 0.1681018518518518
11 0.4532708333333334 0.4774351851851852 0.055848958333333344 0.1573148148148148
2 0.8233854166666668 0.6335648148148147 0.07852083333333333 0.17196296296296287
11 0.5957708333333334 0.510574074074074 0.058708333333333404 0.15774074074074065
6 0.3138958333333334 0.27456481481481476 0.04029687499999994 0.10262962962962968
8 0.6687291666666667 0.1320648148148148 0.05326562499999987 0.1442314814814815
8 0.31193229166666675 0.1116574074074074 0.05164062500000011 0.1347685185185185
2 0.7045833333333333 0.26263888888888887 0.06583333333333333 0.13565740740740734
5 0.42770833333333336 0.11509259259259257 0.04874999999999989 0.12575000000000003
7 0.16812500000000002 0.6636203703703704 0.07625000000000001 0.26352777777777797
10 0.34156250000000005 0.6352962962962962 0.0731250000000001 0.210601851851852
9 0.21239583333333334 0.2422777777777778 0.048125000000000105 0.11715740740740735
4 0.721875 0.4238796296296297 0.07708333333333321 0.1951759259259259
1 0.334140625 0.4256481481481481 0.060114583333333374 0.20500925925925928