3 0.8563333333333333 0.6165 0.062124999999999986 0.16964814814814813
3 0.48346875 0.4307037037037037 0.046937499999999945 0.13570370370370377
6 0.5157604166666667 0.23144444444444442 0.04533854166666664 0.15997222222222224
0 0.75840625 0.4741759259259259 0.06680208333333333 0.21161111111111097
6 0.9766770833333334 0.4717407407407407 0.046317708333333485 0.21959259259259262
4 0.4646145833333334 0.6814259259259259 0.07793229166666667 0.26997222222222206
9 0.9022760416666668 0.4489537037037037 0.053953124999999956 0.15550000000000005
1 0.624171875 0.36343518518518514 0.0454947916666665 0.2490277777777777
7 0.37379687500000003 0.6487222222222222 0.0786666666666667 0.30386111111111125
10 0.6004583333333333 0.30134259259259255 0.03791666666666664 0.21110185185185187
0 0.638140625 0.18866666666666662 0.03090104166666663 0.14582407407407408