7 0.3451822916666667 0.7631574074074075 0.07255729166666658 0.2539444444444443
0 0.6742083333333333 0.5096666666666667 0.06000520833333347 0.17961111111111103
3 0.39694270833333345 0.42568518518518517 0.04808854166666663 0.1303888888888889
3 0.773265625 0.6706851851851852 0.05489062499999982 0.13725925925925916
6 0.8769270833333334 0.508712962962963 0.06653124999999989 0.18122222222222226
6 0.39576562499999995 0.1532962962962963 0.04628125000000001 0.15344444444444447
4 0.43866145833333337 0.7866574074074074 0.07192708333333328 0.22914814814814816
1 0.5389166666666667 0.37021296296296297 0.046463541666666684 0.22662962962962957
9 0.7941302083333334 0.4650925925925925 0.05048958333333324 0.12774074074074077
0 0.5111197916666667 0.08575925925925926 0.025406249999999984 0.08380555555555552
10 0.5046041666666667 0.2810185185185185 0.04187500000000011 0.18757407407407417
9 0.5038541666666667 0.15768518518518518 0.019374999999999965 0.05537037037037038