3 0.13646874999999997 0.5698425925925925 0.040973958333333324 0.10489814814814812
6 0.09638020833333334 0.7591851851851851 0.05118749999999998 0.1648981481481481
0 0.22636979166666665 0.7913518518518519 0.05427083333333336 0.17309259259259266
7 0.13638541666666665 0.37576851851851845 0.03743229166666669 0.1646666666666667
4 0.18826041666666665 0.3845648148148148 0.039057291666666674 0.14243518518518525
9 0.4315677083333333 0.5592222222222222 0.03322916666666664 0.09951851851851848
3 0.3868854166666667 0.4731944444444444 0.03333854166666668 0.08605555555555545
0 0.340875 0.5073425925925925 0.04081249999999992 0.1306203703703703
6 0.46984375 0.5106388888888889 0.03029687499999998 0.11075925925925927
1 0.2564218749999999 0.5408425925925926 0.029921874999999966 0.18876851851851864
10 0.225109375 0.6101018518518518 0.041156249999999964 0.1669722222222221