3 0.22595312499999998 0.6605185185185185 0.03980729166666661 0.0635370370370372
9 0.32307291666666665 0.6008981481481481 0.03734375000000005 0.06145370370370355
9 0.3457916666666666 0.19516666666666665 0.037093750000000016 0.06384259259259256
8 0.54021875 0.21137037037037032 0.04913020833333324 0.07291666666666667
11 0.21543229166666666 0.06453703703703705 0.047713541666666706 0.07794444444444446
8 0.41583333333333333 0.7830555555555555 0.04833333333333325 0.08387962962962944
11 0.26812499999999995 0.8526574074074074 0.04874999999999998 0.08976851851851866
6 0.17739583333333334 0.30134259259259255 0.048541666666666664 0.09083333333333331
6 0.4922916666666667 0.9222685185185184 0.038750000000000104 0.0808333333333334
5 0.15041666666666667 0.527574074074074 0.05083333333333333 0.07662962962962958
5 0.5710416666666667 0.02975925925925926 0.03791666666666682 0.05951851851851852
1 0.43666666666666665 0.057342592592592584 0.04833333333333325 0.09912037037037039
2 0.28239583333333335 0.4009444444444444 0.05020833333333332 0.07522222222222218
2 0.5838541666666666 0.3915 0.048958333333333395 0.08225925925925928
4 0.42302083333333335 0.5727407407407407 0.04395833333333332 0.07808333333333321
10 0.5109375 0.5884814814814814 0.044791666666666605 0.09102777777777772
7 0.41541666666666666 0.4264907407407407 0.047499999999999966 0.07446296296296298
0 0.635 0.6882685185185186 0.033333333333333395 0.06616666666666665
0 0.373125 0.9257870370370369 0.03374999999999995 0.07675925925925924