3 0.7812239583333334 0.15258333333333332 0.052479166666666896 0.1285092592592593
3 0.2798802083333333 0.7345462962962961 0.06551041666666668 0.10992592592592605
9 0.8100885416666666 0.8027592592592593 0.06591666666666676 0.11087037037037027
9 0.47426562499999997 0.061657407407407404 0.05071874999999988 0.11980555555555554
0 0.5483020833333333 0.06596296296296295 0.05477604166666676 0.1319259259259259
6 0.8007395833333334 0.6670462962962963 0.07203645833333319 0.13640740740740745
6 0.3170833333333333 0.6179444444444444 0.07632291666666662 0.12897222222222224
4 0.5345052083333333 0.9268055555555554 0.0734947916666668 0.14195370370370375
10 0.5091666666666667 0.3350185185185185 0.05166666666666675 0.18040740740740738
7 0.5633333333333332 0.4435092592592592 0.05833333333333339 0.17369444444444437
1 0.46697916666666667 0.846537037037037 0.06104166666666675 0.14050000000000012
0 0.8436458333333332 0.12193518518518517 0.056041666666666504 0.16536111111111113