2 0.7204635416666666 0.5067037037037037 0.054999999999999896 0.08764814814814817
9 0.4145833333333333 0.22043518518518515 0.04086979166666667 0.07950925925925927
3 0.8071093749999999 0.3640833333333333 0.04233854166666662 0.07814814814814813
5 0.33720312499999994 0.05995370370370371 0.0484375 0.09868518518518515
5 0.5480416666666666 0.08173148148148149 0.04390104166666671 0.10214814814814815
8 0.5851041666666668 0.5134444444444444 0.04595312499999995 0.09697222222222229
2 0.36930208333333325 0.3981666666666666 0.05735937500000006 0.09988888888888883
11 0.69884375 0.11606481481481482 0.04220312500000016 0.10388888888888886
0 0.34855729166666666 0.6345462962962962 0.05417187500000002 0.08212962962962962
9 0.54240625 0.9711666666666665 0.04675000000000011 0.05765740740740739
4 0.3831822916666667 0.8587407407407407 0.0609739583333333 0.08787037037037035
11 0.8208125 0.19848148148148148 0.05466666666666668 0.11262037037037034
0 0.4699739583333333 0.6507962962962963 0.046218750000000065 0.08138888888888893
8 0.5632864583333334 0.2793888888888889 0.04472916666666667 0.11060185185185184
3 0.8564479166666666 0.6395925925925926 0.04722395833333337 0.07582407407407411
7 0.596625 0.7813703703703703 0.04810937499999994 0.09603703703703717
6 0.6719791666666667 0.28412037037037036 0.04604166666666672 0.08973148148148143
6 0.71375 0.7534351851851853 0.04416666666666682 0.08389814814814794
10 0.8069791666666667 0.8815370370370369 0.05770833333333343 0.08826851851851845
1 0.4872916666666667 0.32540740740740737 0.04541666666666675 0.1167314814814815