0 0.26832812500000003 0.31616666666666665 0.05269270833333337 0.1591388888888889
10 0.39001562500000003 0.6002037037037037 0.05980729166666663 0.19750925925925916
4 0.4688229166666666 0.3888425925925926 0.05217187499999998 0.18527777777777774
8 0.6692031249999999 0.14250925925925925 0.045828124999999886 0.14875925925925929
9 0.5625572916666666 0.8662222222222221 0.0596927083333334 0.1315555555555556
6 0.19832291666666663 0.5195277777777778 0.05997395833333332 0.1597222222222222
3 0.6715 0.28901851851851845 0.0425052083333334 0.11411111111111107
11 0.7050989583333334 0.42270370370370364 0.050864583333333255 0.14430555555555552
5 0.4799895833333333 0.22500925925925924 0.04779166666666672 0.13187962962962968
1 0.3628541666666666 0.11316666666666665 0.049520833333333326 0.20510185185185187
2 0.29991666666666666 0.8434351851851851 0.07394791666666664 0.164398148148148
7 0.6080208333333333 0.5441203703703703 0.05789583333333326 0.20854629629629626