8 0.5837812499999999 0.41486111111111107 0.06121874999999992 0.16997222222222222
10 0.8038072916666665 0.8201018518518519 0.047119791666666445 0.18631481481481493
4 0.42054166666666665 0.7350833333333333 0.05436458333333345 0.17375000000000018
6 0.7282031250000001 0.44078703703703703 0.05517187499999991 0.18175000000000002
5 0.5592135416666666 0.20250925925925928 0.06472395833333326 0.19667592592592595
5 0.23303124999999997 0.12396296296296296 0.08160937499999994 0.18636111111111103
7 0.6149218750000001 0.759074074074074 0.04853645833333342 0.20620370370370375
2 0.352328125 0.456287037037037 0.06678125000000001 0.15306481481481488
11 0.7901093749999999 0.28415740740740736 0.0645885416666669 0.19574999999999992
0 0.48480729166666664 0.6521851851851852 0.031223958333333357 0.12050000000000015
6 0.7313697916666666 0.7396851851851851 0.04502604166666657 0.16314814814814818
2 0.7620260416666665 0.6013796296296297 0.053458333333333205 0.14654629629629629
11 0.9453333333333334 0.40095370370370365 0.0689583333333335 0.18477777777777774
1 0.48302604166666663 0.4715833333333333 0.05090625000000006 0.2434444444444444
0 0.3643645833333333 0.602574074074074 0.05220312500000004 0.15761111111111115
3 0.8922916666666666 0.5110092592592592 0.05541666666666671 0.1434907407407408
3 0.8935416666666665 0.686537037037037 0.049583333333333354 0.1389999999999999
9 0.3798958333333333 0.2947407407407407 0.05354166666666664 0.14059259259259263
9 0.5654166666666666 0.7786018518518517 0.03916666666666657 0.10462037037037028
8 0.6075 0.585324074074074 0.04833333333333343 0.14768518518518522