0 0.2584270833333333 0.4791203703703704 0.06297916666666667 0.20176851851851849
4 0.44266145833333326 0.7390462962962961 0.0782395833333334 0.28687962962962954
9 0.15781770833333333 0.4347037037037037 0.04910937500000001 0.13626851851851854
6 0.06651041666666666 0.44370370370370377 0.063546875 0.1986296296296296
6 0.6081249999999999 0.2675462962962963 0.04736458333333342 0.16300925925925927
1 0.4164739583333333 0.3849814814814814 0.047442708333333306 0.26702777777777775
10 0.46502604166666667 0.3312314814814815 0.04311458333333338 0.2023703703703704
7 0.5449583333333333 0.7335925925925925 0.07716666666666665 0.3257962962962964
0 0.49749999999999994 0.18401851851851853 0.02833333333333332 0.07470370370370372
9 0.49906249999999996 0.27697222222222223 0.03354166666666671 0.10504629629629629
3 0.5621041666666666 0.47936111111111107 0.05094791666666669 0.14252777777777778
3 0.12922916666666667 0.5925925925925926 0.05589062499999997 0.15651851851851845