0 0.30062500000000003 0.7174629629629629 0.061249999999999895 0.1304722222222223
0 0.4107291666666667 0.5719259259259258 0.05979166666666682 0.1282962962962963
3 0.30906250000000013 0.4076944444444444 0.04645833333333318 0.10723148148148154
3 0.41541666666666666 0.25326851851851845 0.04416666666666682 0.10209259259259258
3 0.5958333333333334 0.28955555555555557 0.05 0.11541666666666663
3 0.6616666666666667 0.35121296296296295 0.05166666666666657 0.10169444444444448
3 0.6866666666666668 0.5228611111111111 0.05166666666666657 0.09312962962962956
3 0.6125 0.5384166666666667 0.05 0.09460185185185187
3 0.65125 0.6502499999999999 0.05583333333333336 0.0960555555555555
3 0.5972916666666667 0.713574074074074 0.05125000000000011 0.09677777777777787
9 0.5241666666666667 0.4576851851851852 0.043333333333333356 0.09611111111111117
9 0.47958333333333336 0.5600740740740741 0.04916666666666671 0.10460185185185193
9 0.4605208333333334 0.862074074074074 0.04770833333333328 0.10487962962962961
9 0.5391666666666668 0.7332037037037037 0.046666666666666676 0.09899074074074071
9 0.6177083333333334 0.8470740740740741 0.05208333333333322 0.0934074074074074
9 0.6982291666666667 0.4465740740740741 0.051458333333333425 0.08870370370370372
9 0.5498958333333334 0.3486296296296296 0.03979166666666671 0.08910185185185182
9 0.5152083333333334 0.2643796296296296 0.04041666666666668 0.09468518518518512
2 0.5775 0.17624074074074073 0.05333333333333332 0.14062962962962963
2 0.727875 0.6852314814814814 0.042166666666666686 0.12157407407407403
1 0.6792708333333334 0.7522685185185185 0.06020833333333329 0.1260277777777778
4 0.3818750000000001 0.7183796296296296 0.06541666666666668 0.173064814814815
5 0.45010416666666675 0.43916666666666665 0.05187499999999989 0.13314814814814815
5 0.5191666666666667 0.18587037037037035 0.05333333333333332 0.11544444444444445
11 0.5375 0.5791481481481482 0.05833333333333339 0.11681481481481484
11 0.4770833333333334 0.33270370370370367 0.054166666666666606 0.1239166666666667
8 0.6185416666666667 0.4284259259259259 0.05875000000000004 0.1190740740740741
8 0.3595833333333334 0.4480555555555555 0.047499999999999966 0.15091666666666662
10 0.3296875 0.5615555555555556 0.059375 0.16681481481481483
6 0.37739583333333326 0.33621296296296294 0.051458333333333425 0.13465740740740748
6 0.4512500000000001 0.6791296296296296 0.05583333333333336 0.12419444444444455
7 0.5514739583333335 0.8400370370370369 0.07911458333333332 0.156138888888889