3 0.7339895833333333 0.26762037037037034 0.03895833333333343 0.09799074074074075
3 0.7149583333333334 0.6652592592592593 0.048911458333333255 0.11299074074074061
0 0.5545937499999999 0.4703055555555556 0.04556249999999995 0.1389074074074074
3 0.24561458333333333 0.7406666666666666 0.053932291666666646 0.12740740740740744
3 0.6963072916666666 0.3504907407407407 0.03908854166666682 0.10144444444444439
9 0.34135937499999996 0.4468333333333333 0.04098437500000003 0.11440740740740742
3 0.5646718749999999 0.20406481481481478 0.03368749999999991 0.09471296296296296
9 0.28217187499999996 0.5786111111111111 0.047734375000000016 0.11837037037037024
9 0.3075781249999999 0.27937962962962964 0.039708333333333366 0.10814814814814808
9 0.5858437499999999 0.6432777777777777 0.043906250000000036 0.11349999999999988
3 0.426765625 0.23946296296296296 0.034187499999999996 0.10140740740740739
5 0.8529583333333333 0.676148148148148 0.06640104166666667 0.13880555555555563
2 0.38267708333333333 0.35462037037037036 0.052447916666666664 0.13537962962962966
9 0.6090833333333333 0.29092592592592587 0.03259895833333335 0.09586111111111109
3 0.34462499999999996 0.19489814814814813 0.038375000000000006 0.10060185185185178
2 0.40640624999999997 0.13833333333333334 0.04580729166666675 0.12657407407407406
11 0.8249479166666667 0.5501203703703703 0.061151041666666475 0.13502777777777766
11 0.46181770833333335 0.30187962962962955 0.03963020833333335 0.12131481481481485
0 0.4272187499999999 0.5129351851851852 0.05017708333333335 0.13736111111111107
10 0.735671875 0.44480555555555557 0.05873958333333338 0.16481481481481478
9 0.6576666666666666 0.21987962962962962 0.032578125000000034 0.10227777777777776
6 0.681515625 0.789287037037037 0.05649999999999995 0.14751851851851858
8 0.5244843749999999 0.3526111111111111 0.048140624999999916 0.15139814814814814
5 0.7763958333333333 0.38055555555555554 0.027427083333333258 0.07725925925925926
6 0.650203125 0.549074074074074 0.04842187499999984 0.14482407407407422
9 0.5165989583333334 0.24500925925925926 0.03090104166666663 0.09105555555555556
8 0.7870833333333334 0.7467592592592592 0.057499999999999926 0.14462962962962977
7 0.5137499999999999 0.7112037037037037 0.044166666666666646 0.192037037037037
1 0.36822916666666666 0.6524722222222222 0.0572916666666667 0.20420370370370367
3 0.445625 0.41121296296296295 0.03916666666666675 0.08836111111111111
4 0.6204166666666666 0.38362037037037033 0.05125000000000011 0.15538888888888888
9 0.5121874999999999 0.5754537037037036 0.04104166666666664 0.09461111111111112