2 0.21600000000000003 0.5222777777777777 0.0732135416666666 0.1591296296296297
2 0.7641927083333333 0.4858796296296296 0.05652604166666677 0.1569722222222222
1 0.38946875 0.7194074074074075 0.0690260416666666 0.2793240740740742
6 0.2405677083333333 0.3384351851851851 0.04921354166666667 0.1565925925925926
11 0.6380416666666666 0.6976944444444444 0.0625052083333335 0.17744444444444427
6 0.8270416666666666 0.8308148148148148 0.0737187500000001 0.22824074074074063
0 0.7361614583333334 0.26216666666666666 0.047203125000000054 0.15256481481481476
9 0.179296875 0.8316296296296296 0.06161458333333334 0.15875925925925918
0 0.26531249999999995 0.1556759259259259 0.04065624999999997 0.13708333333333336
7 0.5734270833333334 0.32249074074074074 0.04308854166666674 0.20037037037037034
8 0.332328125 0.06033333333333333 0.041796875 0.11368518518518517
5 0.39615625 0.15500925925925924 0.03685416666666663 0.11606481481481482
5 0.550734375 0.5098796296296295 0.0547239583333333 0.15563888888888883
4 0.42541666666666667 0.28138888888888886 0.04832812499999992 0.17952777777777776
11 0.542953125 0.07687962962962963 0.034479166666666575 0.10049074074074074
8 0.5939374999999999 0.20675925925925928 0.04194270833333338 0.12405555555555554
10 0.41373437499999993 0.4654722222222222 0.05329687500000002 0.20799074074074073
3 0.7296250000000001 0.09714814814814814 0.03258854166666669 0.09171296296296293
3 0.5932552083333332 0.11783333333333333 0.030265625000000008 0.05012962962962963