1 0.5638541666666667 0.4061944444444444 0.07437500000000004 0.3116481481481481
7 0.4380208333333334 0.3458333333333333 0.0677083333333334 0.31685185185185183
11 0.7193750000000001 0.4178703703703704 0.06541666666666668 0.19055555555555562
11 0.1986458333333335 0.7833796296296296 0.05062499999999988 0.1586018518518519
10 0.39875 0.7759629629629629 0.05250000000000003 0.2178518518518517
6 0.35166666666666674 0.4328611111111111 0.06333333333333328 0.23165740740740734
8 0.07770833333333335 0.21177777777777773 0.09875000000000007 0.25615740740740733
9 0.15614583333333343 0.5478518518518517 0.06062499999999993 0.16162962962962962
2 0.6309375 0.6139537037037037 0.06520833333333335 0.1864259259259258
4 0.48135416666666675 0.646537037037037 0.06020833333333329 0.24047222222222236
5 0.50125 0.7485648148148148 0.03499999999999996 0.151935185185185
5 0.3202083333333333 0.5913611111111111 0.05125000000000011 0.2116018518518517
3 0.3132291666666667 0.7121018518518519 0.05104166666666661 0.1306018518518518