3 0.9030052083333333 0.5823981481481482 0.06820833333333347 0.1718148148148147
5 0.70803125 0.19432407407407407 0.03469791666666655 0.12462962962962965
2 0.33807291666666667 0.33393518518518517 0.06267187499999993 0.16575925925925922
0 0.41120312499999995 0.7732314814814815 0.08657291666666667 0.2759537037037037
8 0.5091875 0.6224444444444444 0.07903125000000007 0.22093518518518532
0 0.3970364583333333 0.16759259259259257 0.04241145833333335 0.15232407407407408
2 0.7571458333333333 0.3504722222222222 0.06579687500000002 0.16972222222222214
3 0.19514062499999998 0.5129537037037036 0.06268229166666665 0.1577499999999999
8 0.6785416666666666 0.2591851851851852 0.05967187500000008 0.14642592592592585
5 0.12289583333333334 0.40204629629629623 0.06481249999999998 0.17193518518518514
6 0.21778124999999998 0.26725925925925925 0.052749999999999984 0.17259259259259258
6 0.6710677083333334 0.7780092592592592 0.09065624999999997 0.2766203703703704
9 0.4376770833333333 0.25675925925925924 0.041010416666666674 0.1161574074074074
9 0.3648958333333333 0.476462962962963 0.05687500000000005 0.1521944444444445
10 0.6708125 0.44599074074074074 0.06676562500000002 0.24207407407407402
11 0.21708333333333335 0.681212962962963 0.08416666666666668 0.2283425925925927
4 0.5347916666666667 0.4199907407407407 0.050416666666666644 0.23849074074074078
7 0.5247916666666667 0.2459814814814815 0.04208333333333325 0.10974999999999997
1 0.5558333333333334 0.15711111111111112 0.03833333333333329 0.19865740740740745
11 0.30282812499999995 0.1914814814814815 0.04589583333333343 0.12808333333333338