3 0.47889583333333335 0.40707407407407403 0.05002083333333331 0.13962962962962958
4 0.21754166666666666 0.647824074074074 0.0804947916666667 0.23933333333333323
1 0.3686979166666666 0.24235185185185187 0.05323437499999999 0.24655555555555553
3 0.07294270833333334 0.3218981481481481 0.05463541666666667 0.1429629629629629
0 0.20610416666666667 0.2662222222222222 0.05822395833333331 0.18240740740740738
6 0.07727604166666666 0.14500925925925925 0.05868229166666668 0.17342592592592593
7 0.2994479166666667 0.7032962962962962 0.0722291666666667 0.27615740740740746
6 0.6318906249999999 0.17420370370370367 0.04859375000000003 0.1695092592592592
9 0.522640625 0.13037962962962962 0.034614583333333296 0.12287037037037034
9 0.15595833333333334 0.16819444444444442 0.04695312499999997 0.13205555555555554
0 0.5520833333333333 0.07522222222222223 0.03511458333333337 0.14917592592592593
10 0.44628125 0.1953148148148148 0.05052083333333339 0.21362037037037038