3 0.16920312499999998 0.6919351851851852 0.05963541666666665 0.09117592592592606
0 0.4289270833333333 0.07118518518518518 0.05237499999999997 0.12907407407407404
3 0.6370364583333332 0.2058333333333333 0.04374479166666649 0.10186111111111108
0 0.6917760416666667 0.19464814814814813 0.053031250000000085 0.11995370370370372
4 0.39409374999999996 0.887462962962963 0.06118749999999995 0.10591666666666666
1 0.334109375 0.8214444444444443 0.05614062500000001 0.10009259259259251
10 0.3850625 0.35245370370370366 0.04765625 0.11207407407407399
7 0.4297447916666666 0.46267592592592593 0.05551562499999996 0.12462962962962965
6 0.20354166666666665 0.5912499999999999 0.061249999999999985 0.10028703703703694
6 0.6261458333333334 0.676787037037037 0.054375000000000104 0.10097222222222228
9 0.6275 0.792675925925926 0.046666666666666676 0.08831481481481471
9 0.36187499999999995 0.05493518518518518 0.04458333333333329 0.09800925925925925