7 0.7982291666666667 0.5292129629629629 0.07645833333333343 0.26879629629629626
10 0.6898958333333334 0.4186944444444444 0.059791666666666646 0.22924074074074083
6 0.43968750000000006 0.594388888888889 0.06437499999999989 0.19174074074074068
6 0.3395833333333334 0.49349074074074073 0.054166666666666606 0.18624074074074062
8 0.1609375 0.3061481481481481 0.055208333333333214 0.15229629629629635
8 0.20041666666666663 0.742861111111111 0.06583333333333341 0.18499074074074082
9 0.6182291666666667 0.3224444444444444 0.044791666666666605 0.12562037037037035
9 0.3961458333333333 0.8178425925925925 0.055625000000000036 0.1682777777777779
4 0.4239583333333334 0.20099074074074072 0.039583333333333394 0.17900925925925926
0 0.5954166666666667 0.6708425925925926 0.0674999999999999 0.20761111111111114
0 0.37645833333333334 0.32391666666666663 0.042916666666666714 0.15820370370370365
5 0.5734375 0.20321296296296296 0.046875 0.12421296296296297
5 0.19072916666666676 0.5625462962962963 0.05812499999999998 0.1724999999999999
11 0.5252083333333333 0.40519444444444447 0.04541666666666675 0.14667592592592596
11 0.5033333333333333 0.29078703703703707 0.043333333333333356 0.1326759259259259
3 0.4203125 0.4105648148148148 0.040625 0.12409259259259263
3 0.24416666666666664 0.3988981481481481 0.04500000000000011 0.12668518518518523
2 0.5129166666666667 0.15212037037037035 0.04083333333333332 0.14053703703703707
2 0.28312499999999996 0.2580092592592592 0.05458333333333343 0.14491666666666664
7 0.56625 0.468787037037037 0.050833333333333286 0.2516388888888888