2 0.6996666666666667 0.3746203703703703 0.06540104166666669 0.13005555555555554
2 0.3184531250000001 0.4388888888888889 0.05919791666666665 0.12743518518518518
3 0.23558854166666662 0.303537037037037 0.042593750000000166 0.10687962962962962
10 0.1985885416666667 0.8068148148148148 0.06661979166666657 0.15097222222222229
9 0.6509791666666667 0.20812962962962966 0.0415885416666665 0.10312037037037038
5 0.7288854166666667 0.0720462962962963 0.05042187499999997 0.11630555555555556
3 0.16185937500000006 0.5617962962962963 0.0522708333333334 0.10472222222222219
0 0.72503125 0.6094444444444445 0.058114583333333414 0.12441666666666656
5 0.5132031250000001 0.0757962962962963 0.04335416666666667 0.11749074074074074
0 0.5869114583333334 0.610287037037037 0.0527708333333333 0.12328703703703717
6 0.31235937500000005 0.6907037037037037 0.05439583333333342 0.12621296296296297
8 0.4637708333333334 0.46338888888888885 0.05179166666666664 0.12887037037037033
11 0.35926562500000003 0.09088888888888888 0.042671874999999915 0.1246574074074074
11 0.23353125000000005 0.15430555555555556 0.052671875000000055 0.12485185185185182
6 0.3779375000000001 0.23885185185185182 0.04401041666666661 0.13169444444444445
9 0.5009479166666667 0.96125 0.05504687500000003 0.07749999999999993
8 0.4919375 0.24834259259259256 0.046869791666666674 0.14541666666666664
4 0.6906458333333333 0.8362777777777777 0.07161458333333322 0.14999074074074076
7 0.44416666666666665 0.7252777777777777 0.05333333333333332 0.14612037037037043
1 0.575 0.28318518518518515 0.05833333333333339 0.16563888888888886