3 0.8191510416666666 0.8016666666666665 0.05042187499999997 0.08272222222222214
9 0.777359375 0.1582222222222222 0.0552500000000002 0.0806759259259259
9 0.42677083333333343 0.6820925925925925 0.04848958333333329 0.07787037037037028
4 0.6081197916666667 0.8759444444444444 0.0594843749999999 0.13750925925925925
6 0.6973177083333334 0.4382962962962963 0.06804166666666678 0.09362962962962974
3 0.5019739583333334 0.15782407407407406 0.04772916666666678 0.08301851851851849
0 0.7127083333333333 0.1436111111111111 0.053750000000000145 0.1012962962962963
0 0.4525 0.12694444444444444 0.04500000000000011 0.09019444444444444
6 0.4415625 0.589037037037037 0.048125000000000105 0.09584259259259259
6 0.8111458333333333 0.7067777777777777 0.058958333333333356 0.09429629629629611
7 0.645 0.5159074074074073 0.05833333333333339 0.09700000000000004
1 0.6633333333333333 0.8480277777777777 0.04833333333333325 0.12864814814814832