3 0.7246979166666667 0.29721296296296296 0.037114583333333506 0.08833333333333329
3 0.29769270833333333 0.19761111111111107 0.03787500000000001 0.09042592592592595
9 0.6805416666666667 0.6110648148148149 0.04065104166666682 0.08682407407407405
3 0.40737499999999993 0.24273148148148146 0.03744791666666671 0.0868148148148148
3 0.35527604166666665 0.22091666666666668 0.03902083333333337 0.08768518518518517
9 0.666109375 0.3623240740740741 0.034276041666666576 0.08951851851851841
9 0.5484375 0.5481851851851851 0.037338541666666634 0.08872222222222222
9 0.7101145833333333 0.39848148148148144 0.0378177083333334 0.08687962962962972
9 0.5705885416666666 0.4519074074074073 0.033973958333333346 0.08768518518518517
3 0.557078125 0.21338888888888888 0.0358645833333334 0.09627777777777777
9 0.5980624999999999 0.33367592592592593 0.03615104166666665 0.0867407407407408
3 0.32891145833333335 0.2994907407407407 0.036598958333333355 0.08570370370370375
3 0.6334687499999999 0.46409259259259256 0.03733333333333331 0.05307407407407412
9 0.46544791666666663 0.27811111111111114 0.03817708333333325 0.08511111111111107
11 0.3348072916666667 0.09224074074074073 0.03917708333333332 0.1112222222222222
9 0.28204166666666663 0.26181481481481483 0.037833333333333385 0.08540740740740742
8 0.6080572916666667 0.22810185185185186 0.03834895833333345 0.125
8 0.38208333333333333 0.11824999999999998 0.03916666666666666 0.1283518518518518
11 0.4145833333333333 0.4416759259259259 0.04583333333333339 0.11224074074074082
2 0.35885416666666664 0.4187222222222223 0.048958333333333305 0.11076851851851852
2 0.4419791666666667 0.1549074074074074 0.04437499999999996 0.13499074074074074
10 0.22822916666666665 0.32466666666666666 0.06687500000000002 0.14488888888888896
0 0.7017708333333333 0.5049907407407407 0.04312500000000004 0.11293518518518526
0 0.37687499999999996 0.3276388888888889 0.04125000000000005 0.10637962962962959
5 0.4970833333333333 0.17952777777777776 0.044166666666666646 0.1360925925925926
5 0.48354166666666665 0.5038703703703703 0.03791666666666664 0.13293518518518507
3 0.5021875 0.40168518518518515 0.03562500000000011 0.09152777777777775
6 0.5270833333333333 0.29560185185185184 0.0375 0.1349074074074074
1 0.2939583333333333 0.3681759259259259 0.05874999999999995 0.13190740740740745
6 0.4447916666666666 0.3565185185185185 0.04375 0.10487962962962961
7 0.6100052083333333 0.5601388888888889 0.04408333333333321 0.1389444444444444
4 0.6548229166666666 0.23892592592592593 0.04373437499999984 0.13800925925925928