3 0.41842187499999994 0.4122314814814814 0.05068229166666658 0.13837037037037037
3 0.7530468750000001 0.652787037037037 0.06749479166666675 0.18462037037037016
0 0.675453125 0.48670370370370364 0.06853125000000002 0.22423148148148156
4 0.33129166666666665 0.67325 0.09115104166666672 0.2849907407407408
6 0.923828125 0.5084351851851852 0.07299479166666671 0.24101851851851847
0 0.6109635416666667 0.17574074074074073 0.02713541666666668 0.15338888888888888
6 0.48161458333333335 0.1983333333333333 0.045052083333333395 0.1605555555555555
9 0.8373072916666666 0.4734907407407407 0.06083854166666676 0.16645370370370374
9 0.58415625 0.2303333333333333 0.029489583333333336 0.11258333333333334
7 0.2380416666666667 0.6298981481481482 0.07515104166666671 0.3134814814814815
1 0.5454166666666668 0.352787037037037 0.03416666666666668 0.2603796296296297