2 0.6810208333333334 0.3356666666666666 0.05836979166666652 0.15567592592592588
8 0.34777604166666676 0.2573240740740741 0.06566145833333348 0.14471296296296296
3 0.1879270833333333 0.721324074074074 0.06368750000000008 0.1421759259259258
2 0.28737500000000005 0.39797222222222217 0.06405208333333334 0.15819444444444442
9 0.5811510416666666 0.2175925925925926 0.04010416666666661 0.11235185185185191
8 0.5412552083333334 0.746037037037037 0.07011458333333334 0.1852037037037036
5 0.32039583333333344 0.15017592592592593 0.04940104166666668 0.12363888888888887
3 0.8182656250000001 0.5714907407407408 0.05869791666666657 0.14237037037037037
11 0.71075 0.10535185185185184 0.045859374999999855 0.1302037037037037
0 0.63528125 0.9217592592592592 0.07410416666666678 0.15510185185185194
5 0.8851510416666667 0.4120833333333333 0.061812499999999916 0.1635648148148148
0 0.6172291666666667 0.08520370370370373 0.04292187500000004 0.1493611111111111
9 0.662625 0.5361296296296296 0.05233333333333334 0.1338425925925926
6 0.7949166666666667 0.2303425925925926 0.051328124999999857 0.1593333333333333
10 0.38166666666666665 0.5422314814814815 0.066015625 0.20663888888888884
11 0.80003125 0.7994259259259258 0.07615104166666668 0.18612962962962962
4 0.510765625 0.5009537037037036 0.05540104166666673 0.20024999999999993
6 0.4133333333333333 0.9344444444444444 0.07333333333333343 0.13111111111111093
7 0.5054166666666667 0.3163333333333333 0.04249999999999989 0.13785185185185184
1 0.46677083333333336 0.11378703703703703 0.05187499999999989 0.20831481481481479