3 0.20769791666666665 0.726574074074074 0.05695312499999998 0.11401851851851871
0 0.5143385416666666 0.1110925925925926 0.05371354166666666 0.16528703703703704
3 0.734734375 0.22812962962962963 0.04932812500000008 0.13324999999999992
0 0.7956927083333334 0.20669444444444443 0.06206250000000004 0.16871296296296293
6 0.73359375 0.7058055555555555 0.06731770833333339 0.16193518518518507
6 0.25816145833333326 0.613787037037037 0.07589583333333332 0.14895370370370387
10 0.4527916666666666 0.3667129629629629 0.043083333333333404 0.1875
7 0.5071979166666666 0.46899074074074065 0.06155729166666664 0.19423148148148137
1 0.38354687499999995 0.848111111111111 0.057229166666666664 0.17292592592592593
9 0.44354166666666667 0.11101851851851853 0.049583333333333354 0.12500925925925926
9 0.7415624999999999 0.8506203703703703 0.06020833333333329 0.11161111111111097
4 0.45187499999999997 0.9212962962962962 0.07458333333333336 0.1574074074074073