2 0.199171875 0.44067592592592586 0.09338541666666673 0.18904629629629616
4 0.36783854166666663 0.4875277777777777 0.0771197916666666 0.25094444444444436
1 0.413578125 0.17888888888888888 0.06104687500000008 0.26249074074074075
11 0.25696354166666663 0.2134907407407407 0.06204687499999997 0.1720462962962963
3 0.5247708333333333 0.8230925925925926 0.07251041666666662 0.16957407407407396
8 0.7927031249999998 0.26721296296296293 0.07977083333333326 0.17569444444444443
10 0.3864895833333333 0.7871203703703704 0.08618229166666662 0.2756111111111112
5 0.23389583333333333 0.7776388888888889 0.08810416666666665 0.21495370370370367
0 0.559890625 0.5238425925925926 0.07011979166666667 0.20745370370370356
6 0.5765520833333333 0.33007407407407413 0.05311979166666649 0.19461111111111112
9 0.746109375 0.598824074074074 0.06533333333333342 0.15801851851851864
7 0.5296822916666667 0.1787962962962963 0.057791666666666686 0.25096296296296294