3 0.528484375 0.3511296296296296 0.043333333333333356 0.09579629629629632
3 0.5399947916666666 0.47032407407407406 0.041999999999999996 0.08997222222222219
3 0.4040989583333333 0.3594074074074074 0.04397916666666664 0.09873148148148153
3 0.47183333333333327 0.7653148148148148 0.04558333333333327 0.08350000000000016
3 0.31825 0.8424814814814814 0.04819791666666662 0.08285185185185197
9 0.40246354166666665 0.5058796296296296 0.04358333333333331 0.08903703703703705
9 0.4805833333333333 0.5108611111111111 0.040427083333333336 0.0860185185185186
9 0.17539583333333333 0.44149074074074074 0.04685416666666668 0.09521296296296305
8 0.4582916666666666 0.3706296296296296 0.05245312500000008 0.11949999999999995
9 0.32746354166666664 0.5225833333333333 0.04120833333333325 0.08824999999999995
3 0.4487760416666666 0.26448148148148143 0.03902083333333337 0.09355555555555549
3 0.30591145833333333 0.3219444444444444 0.04341666666666662 0.09424999999999994
9 0.27165625000000004 0.3822592592592592 0.04263020833333329 0.09101851851851847
9 0.5169947916666666 0.6041111111111112 0.03814583333333328 0.08694444444444448
9 0.4895208333333333 0.26691666666666664 0.03475520833333334 0.09132407407407407
6 0.24541666666666667 0.5033148148148148 0.057500000000000016 0.1132962962962962
6 0.3877083333333333 0.772685185185185 0.06291666666666665 0.10758333333333338
9 0.2528125 0.2506111111111111 0.04104166666666664 0.10049074074074069
11 0.3368749999999999 0.4266759259259259 0.04458333333333329 0.1007500000000001
11 0.4455208333333333 0.6138425925925927 0.04729166666666664 0.10841666666666659
10 0.22979166666666667 0.7088055555555555 0.06375000000000001 0.13168518518518527
2 0.35666666666666663 0.16212037037037036 0.04666666666666659 0.12350000000000003
2 0.5955208333333333 0.5229351851851851 0.055625000000000036 0.1155092592592592
3 0.360140625 0.267537037037037 0.0515260416666667 0.09033333333333336
8 0.30885416666666665 0.7260277777777778 0.065625 0.10316666666666663
0 0.15364583333333331 0.6917777777777777 0.059375 0.1124444444444445
0 0.2795833333333333 0.6064351851851851 0.050833333333333286 0.09361111111111108
5 0.36802083333333335 0.6088425925925925 0.05062500000000005 0.10953703703703704
1 0.29604166666666665 0.20024999999999998 0.046249999999999944 0.14790740740740735
4 0.18125 0.5694074074074075 0.0625 0.12325925925925911
5 0.5620833333333334 0.6123611111111111 0.04083333333333332 0.1054537037037038
7 0.2058333333333333 0.3068888888888889 0.06166666666666663 0.15376851851851855