2 0.2795364583333334 0.5067037037037037 0.054999999999999896 0.08764814814814817
9 0.5854166666666667 0.22043518518518515 0.04086979166666662 0.07950925925925927
3 0.19289062500000007 0.3640833333333333 0.04233854166666662 0.07814814814814813
5 0.6627968750000001 0.05995370370370371 0.0484375 0.09868518518518515
5 0.45195833333333335 0.08173148148148149 0.04390104166666671 0.10214814814814815
8 0.4148958333333333 0.5134444444444444 0.04595312499999995 0.09697222222222229
2 0.6306979166666667 0.3981666666666666 0.05735937500000006 0.09988888888888883
11 0.30115625 0.11606481481481482 0.04220312500000016 0.10388888888888886
0 0.6514427083333334 0.6345462962962962 0.05417187499999994 0.08212962962962962
9 0.45759375 0.9711666666666665 0.04675000000000011 0.05765740740740739
4 0.6168177083333333 0.8587407407407407 0.0609739583333333 0.08787037037037035
11 0.1791875000000001 0.19848148148148148 0.05466666666666668 0.11262037037037034
0 0.5300260416666667 0.6507962962962963 0.046218750000000065 0.08138888888888893
8 0.43671354166666665 0.2793888888888889 0.04472916666666667 0.11060185185185184
3 0.14355208333333333 0.6395925925925926 0.04722395833333337 0.07582407407407411
7 0.40337500000000004 0.7813703703703703 0.04810937499999994 0.09603703703703717
6 0.3280208333333333 0.28412037037037036 0.04604166666666672 0.08973148148148143
6 0.28625 0.7534351851851853 0.04416666666666682 0.08389814814814794
10 0.19302083333333328 0.8815370370370369 0.05770833333333343 0.08826851851851845
1 0.5127083333333333 0.32540740740740737 0.04541666666666675 0.1167314814814815