4 0.524109375 0.7479351851851852 0.08083854166666668 0.2873055555555554
3 0.45772916666666663 0.4609074074074074 0.05033333333333338 0.14061111111111113
6 0.44415104166666663 0.23944444444444446 0.046333333333333296 0.16299999999999995
0 0.76509375 0.4820555555555555 0.06611458333333342 0.21287037037037035
3 0.8897291666666666 0.6151574074074073 0.061072916666666546 0.1681388888888888
6 0.9739427083333334 0.45574074074074067 0.052114583333333186 0.21019444444444432
9 0.8885989583333334 0.44058333333333327 0.054854166666666516 0.14945370370370373
7 0.4198385416666667 0.728712962962963 0.08096354166666657 0.3205185185185185
1 0.6087552083333334 0.37643518518518515 0.04573437499999997 0.26369444444444445
0 0.5581250000000001 0.15587962962962962 0.02958333333333325 0.07767592592592594
10 0.568125 0.31343518518518515 0.042916666666666714 0.21279629629629626