8 0.28113020833333335 0.3373703703703704 0.058541666666666714 0.13044444444444447
9 0.5046458333333333 0.23674074074074072 0.045364583333333285 0.10976851851851847
2 0.5875677083333334 0.3860925925925926 0.055380208333333236 0.1238148148148148
9 0.55628125 0.5335462962962962 0.039755208333333236 0.09534259259259256
5 0.19906250000000014 0.1725185185185185 0.05574479166666677 0.14166666666666666
3 0.649015625 0.5346018518518518 0.04010416666666679 0.09381481481481475
8 0.47884374999999996 0.6801759259259259 0.03833333333333329 0.1254722222222221
5 0.7207291666666666 0.429074074074074 0.04812499999999993 0.11667592592592592
3 0.26208333333333333 0.6901111111111111 0.04249999999999989 0.09800925925925917
6 0.425 0.7704537037037037 0.04166666666666661 0.1179537037037038
6 0.6979166666666667 0.2661574074074074 0.054166666666666606 0.13158333333333336
1 0.3778125000000001 0.18302777777777773 0.05895833333333318 0.19124074074074074
0 0.5530208333333333 0.06529629629629628 0.06270833333333332 0.13059259259259257
0 0.5248958333333333 0.7380555555555556 0.03979166666666671 0.12352777777777785
7 0.44958333333333333 0.47942592592592587 0.04249999999999989 0.1581203703703704
4 0.4604166666666667 0.6023425925925925 0.0375 0.08106481481481483
2 0.26708333333333334 0.4959074074074074 0.04916666666666671 0.12811111111111112
11 0.6114583333333334 0.6619722222222222 0.039583333333333214 0.1157962962962963
11 0.6522916666666667 0.06677777777777777 0.057916666666666575 0.1335462962962963
10 0.37093750000000003 0.6167962962962963 0.03729166666666668 0.14395370370370367