4 0.7891302083333335 0.6705648148148148 0.07820833333333325 0.2793611111111111
6 0.8742135416666666 0.30450925925925926 0.05360937499999992 0.17181481481481486
1 0.6061197916666667 0.380712962962963 0.055265625000000006 0.26001851851851854
3 0.502625 0.5271574074074075 0.052619791666666596 0.14564814814814817
0 0.7630677083333334 0.39574074074074067 0.05200520833333329 0.18710185185185174
6 0.3363125 0.3545462962962963 0.04956770833333337 0.17771296296296293
10 0.526328125 0.35385185185185186 0.05014062500000005 0.21067592592592593
9 0.44282291666666673 0.3257685185185185 0.036093750000000036 0.11782407407407405
0 0.41416666666666674 0.27905555555555556 0.03433854166666652 0.15474074074074076
3 0.8974010416666667 0.4345462962962963 0.049374999999999857 0.1451759259259259
9 0.8018124999999999 0.33359259259259255 0.04046354166666681 0.12552777777777768
7 0.7131197916666667 0.7120277777777777 0.07472395833333341 0.33808333333333346