3 0.7872135416666666 0.711787037037037 0.0563229166666666 0.12199999999999989
9 0.3676979166666666 0.5491666666666666 0.045822916666666644 0.11136111111111104
5 0.6805677083333334 0.1341574074074074 0.044286458333333376 0.11678703703703705
2 0.3467083333333333 0.3523796296296296 0.053651041666666635 0.13324074074074066
3 0.2330833333333333 0.59075 0.0515989583333333 0.11897222222222217
8 0.6512083333333333 0.25290740740740736 0.056838541666666666 0.1301851851851852
8 0.47446874999999994 0.7462037037037037 0.060348958333333334 0.15086111111111128
2 0.7059739583333333 0.3979999999999999 0.057656249999999964 0.13331481481481483
9 0.43604166666666666 0.22162962962962962 0.039359374999999905 0.09964814814814815
5 0.16850520833333332 0.4395185185185185 0.057432291666666656 0.1359537037037037
0 0.40254687499999997 0.08610185185185185 0.04083333333333332 0.13325925925925924
0 0.39610416666666665 0.9270185185185185 0.06259895833333343 0.14595370370370359
11 0.3150677083333333 0.11013888888888888 0.043770833333333314 0.11721296296296298
6 0.5809947916666667 0.9366666666666666 0.061067708333333394 0.12666666666666673
6 0.242828125 0.25357407407407406 0.04787499999999998 0.13924999999999998
10 0.6167812500000001 0.5518055555555555 0.056286458333333476 0.1723055555555555
11 0.2543333333333333 0.8012777777777778 0.0654375 0.14869444444444438
4 0.5018177083333333 0.5141574074074073 0.05435416666666661 0.17082407407407407
7 0.5025625 0.3553148148148148 0.05044270833333329 0.152287037037037
4 0.543078125 0.11387962962962964 0.04493229166666666 0.1759351851851851
1 0.5423541666666666 0.11328703703703703 0.04189062499999992 0.16853703703703707