0 0.699375 0.7174629629629629 0.061249999999999895 0.1304722222222223
0 0.5892708333333333 0.5719259259259258 0.05979166666666682 0.1282962962962963
3 0.6909374999999999 0.4076944444444444 0.04645833333333318 0.10723148148148154
3 0.5845833333333333 0.25326851851851845 0.04416666666666682 0.10209259259259258
3 0.4041666666666666 0.28955555555555557 0.05 0.11541666666666663
3 0.3383333333333333 0.35121296296296295 0.05166666666666666 0.10169444444444448
3 0.31333333333333335 0.5228611111111111 0.05166666666666666 0.09312962962962956
3 0.3875 0.5384166666666667 0.05 0.09460185185185187
3 0.34875 0.6502499999999999 0.05583333333333336 0.0960555555555555
3 0.40270833333333333 0.713574074074074 0.05125000000000006 0.09677777777777778
9 0.4758333333333333 0.4576851851851852 0.043333333333333356 0.09611111111111117
9 0.5204166666666666 0.5600740740740741 0.04916666666666671 0.10460185185185193
9 0.5394791666666666 0.862074074074074 0.04770833333333328 0.10487962962962961
9 0.46083333333333326 0.7332037037037037 0.046666666666666676 0.0989907407407408
9 0.38229166666666664 0.8470740740740741 0.0520833333333333 0.0934074074074074
9 0.3017708333333333 0.4465740740740741 0.05145833333333334 0.08870370370370372
9 0.45010416666666664 0.3486296296296296 0.03979166666666671 0.08910185185185182
9 0.4847916666666666 0.2643796296296296 0.04041666666666668 0.09468518518518512
2 0.4225 0.17624074074074073 0.053333333333333365 0.1406296296296296
2 0.272125 0.6852314814814814 0.042166666666666686 0.12157407407407396
1 0.3207291666666666 0.7522685185185185 0.06020833333333329 0.12602777777777788
4 0.6181249999999999 0.7183796296296296 0.06541666666666668 0.17306481481481492
5 0.5498958333333333 0.43916666666666665 0.05187499999999989 0.13314814814814815
5 0.48083333333333333 0.18587037037037035 0.05333333333333332 0.11544444444444445
11 0.4625 0.5791481481481482 0.05833333333333339 0.11681481481481484
11 0.5229166666666666 0.33270370370370367 0.054166666666666606 0.12391666666666666
8 0.38145833333333334 0.4284259259259259 0.05874999999999999 0.1190740740740741
8 0.6404166666666666 0.4480555555555555 0.047499999999999966 0.15091666666666662
10 0.6703125 0.5615555555555556 0.059375 0.16681481481481483
6 0.6226041666666667 0.33621296296296294 0.051458333333333425 0.13465740740740748
6 0.5487499999999998 0.6791296296296296 0.05583333333333336 0.12419444444444455
7 0.4485260416666666 0.8400370370370369 0.07911458333333332 0.156138888888889