3 0.18084895833333334 0.8016666666666665 0.05042187499999997 0.08272222222222214
9 0.222640625 0.1582222222222222 0.05525000000000002 0.0806759259259259
9 0.5732291666666666 0.6820925925925925 0.04848958333333329 0.0778703703703702
4 0.3918802083333333 0.8759444444444444 0.05948437499999999 0.13750925925925925
6 0.3026822916666666 0.4382962962962963 0.0680416666666667 0.09362962962962974
3 0.4980260416666667 0.15782407407407406 0.04772916666666678 0.08301851851851849
0 0.28729166666666667 0.1436111111111111 0.053750000000000055 0.10129629629629631
0 0.5475 0.12694444444444444 0.04500000000000011 0.09019444444444444
6 0.5584374999999999 0.589037037037037 0.048125000000000105 0.09584259259259259
6 0.18885416666666668 0.7067777777777777 0.058958333333333356 0.0942962962962962
7 0.355 0.5159074074074073 0.058333333333333307 0.09700000000000004
1 0.3366666666666666 0.8480277777777777 0.04833333333333334 0.12864814814814832