3 0.8173854166666666 0.322212962962963 0.04397395833333313 0.0738703703703703
9 0.42381250000000004 0.18583333333333332 0.040473958333333296 0.07113888888888885
2 0.38419791666666664 0.37899074074074074 0.061598958333333266 0.08036111111111113
5 0.5548020833333334 0.038814814814814816 0.045546874999999966 0.07762037037037038
3 0.8626406249999998 0.5983796296296297 0.045531250000000155 0.07367592592592587
8 0.5724270833333333 0.2504722222222222 0.04864062499999999 0.10033333333333334
4 0.4095260416666666 0.8178333333333332 0.05988020833333341 0.08416666666666686
9 0.5604479166666666 0.9281018518518519 0.045333333333333316 0.07830555555555539
11 0.7099895833333333 0.06362037037037035 0.04611458333333331 0.0925
2 0.7277552083333333 0.47167592592592594 0.052390625000000135 0.07828703703703704
11 0.8309791666666666 0.15508333333333332 0.0498906250000001 0.0943611111111111
5 0.34385937499999997 0.03310185185185185 0.050223958333333395 0.0662037037037037
0 0.3730677083333333 0.6045092592592592 0.05304687499999998 0.07381481481481479
0 0.48916666666666664 0.6186574074074074 0.04500000000000011 0.08101851851851857
8 0.59375 0.48424999999999996 0.04583333333333339 0.08627777777777779
6 0.7205208333333333 0.7112222222222221 0.04729166666666682 0.08837037037037053
6 0.6808333333333334 0.2476574074074074 0.04500000000000011 0.07975925925925928
7 0.6066666666666667 0.7480648148148147 0.046666666666666676 0.09167592592592591
10 0.8081249999999999 0.8419166666666666 0.053749999999999784 0.10532407407407397
1 0.4953125 0.30893518518518515 0.05104166666666661 0.08749074074074074