2 0.6583645833333333 0.08305555555555554 0.039833333333333346 0.12511111111111112
3 0.7395104166666666 0.27352777777777776 0.039458333333333505 0.09962962962962965
9 0.42663020833333326 0.18035185185185185 0.03226041666666664 0.09503703703703703
3 0.5035989583333332 0.6615185185185185 0.04427083333333339 0.11207407407407399
3 0.50359375 0.2666388888888889 0.035958333333333314 0.09627777777777777
9 0.7054114583333334 0.3716203703703704 0.03989583333333328 0.1109444444444444
9 0.6659791666666667 0.24820370370370368 0.03175000000000008 0.09649074074074078
3 0.6100104166666667 0.16266666666666668 0.032218750000000004 0.10067592592592595
9 0.5082916666666666 0.08025925925925925 0.028843750000000057 0.08941666666666666
9 0.32515104166666664 0.194037037037037 0.03270833333333334 0.1003240740740741
3 0.8413333333333333 0.5097037037037038 0.0467656250000001 0.10312037037037038
3 0.23191666666666663 0.23048148148148148 0.03940104166666662 0.10487962962962961
8 0.4766875 0.785935185185185 0.07076562499999994 0.14825000000000002
3 0.7289427083333333 0.49501851851851847 0.04093749999999989 0.09899074074074071
2 0.494703125 0.16629629629629628 0.03862500000000004 0.13249074074074071
9 0.43784375 0.4984722222222222 0.04129687499999992 0.10418518518518517
0 0.42521354166666664 0.2811018518518518 0.04298958333333332 0.1305648148148148
5 0.7390833333333333 0.607537037037037 0.05413541666666664 0.137425925925926
9 0.4347864583333333 0.3931018518518518 0.03804166666666671 0.09982407407407408
9 0.810875 0.38462962962962954 0.04564062500000006 0.10719444444444437
3 0.5812395833333334 0.07103703703703702 0.03203125 0.09355555555555557
0 0.5208437499999999 0.38614814814814813 0.046890624999999984 0.13537962962962966
6 0.5331666666666667 0.5190648148148148 0.0424687500000001 0.14046296296296296
4 0.6263541666666665 0.40240740740740744 0.05062499999999996 0.16704629629629628
5 0.5830208333333333 0.8445092592592592 0.06395833333333342 0.1475277777777778
6 0.3895833333333333 0.6458611111111111 0.054166666666666655 0.1539444444444444
8 0.5799999999999998 0.2965185185185185 0.03499999999999996 0.13304629629629627
7 0.3359375 0.41592592592592587 0.053125 0.19036111111111115
1 0.2970833333333333 0.2635648148148148 0.044166666666666646 0.17823148148148146
10 0.6624270833333332 0.5725555555555556 0.061796875000000105 0.1774259259259261
11 0.662734375 0.7510277777777777 0.05344791666666655 0.14053703703703704