8 0.6337499999999999 0.734712962962963 0.08416666666666668 0.2131296296296297
8 0.87625 0.4066666666666666 0.06916666666666664 0.16445370370370366
9 0.4148958333333333 0.7054722222222222 0.05687500000000001 0.16205555555555556
9 0.4149999999999999 0.2417222222222222 0.03833333333333329 0.11234259259259258
3 0.5589583333333333 0.37946296296296295 0.038750000000000104 0.12114814814814817
0 0.28770833333333334 0.4962685185185185 0.06291666666666665 0.19549999999999984
0 0.6388437499999999 0.3121481481481482 0.03898437499999989 0.14428703703703702
2 0.5742708333333333 0.1441574074074074 0.04645833333333318 0.13572222222222227
2 0.7590625 0.314287037037037 0.05354166666666682 0.15376851851851853
5 0.4967708333333333 0.16729629629629628 0.041458333333333285 0.1338611111111111
5 0.7185416666666666 0.6090185185185185 0.06624999999999996 0.18024999999999997
11 0.5279166666666667 0.2617129629629629 0.047499999999999966 0.13750925925925925
11 0.4577083333333333 0.3335462962962963 0.05291666666666668 0.14783333333333332
7 0.16541666666666668 0.3029814814814815 0.06416666666666666 0.25337037037037036
10 0.30375 0.27725925925925926 0.057500000000000016 0.21302777777777776
6 0.45552083333333326 0.5049722222222222 0.058958333333333356 0.20178703703703715
6 0.598125 0.4785 0.05875000000000004 0.18958333333333333
3 0.74625 0.4516666666666667 0.04249999999999989 0.12480555555555557
1 0.3733333333333333 0.3550925925925925 0.05916666666666659 0.25760185185185186
4 0.640984375 0.17837962962962964 0.038406249999999885 0.11778703703703698