4 0.42459895833333333 0.5214351851851851 0.06352604166666662 0.1136481481481482
6 0.6003802083333334 0.312287037037037 0.05515625000000011 0.09182407407407409
8 0.8270781249999999 0.2039259259259259 0.06783333333333345 0.10200925925925924
0 0.5781770833333333 0.536611111111111 0.05542708333333337 0.09478703703703688
10 0.44584375 0.8014074074074073 0.05682291666666668 0.13494444444444456
7 0.5721979166666665 0.12910185185185183 0.05672916666666676 0.09807407407407409
5 0.3475520833333333 0.742787037037037 0.06035416666666675 0.11055555555555574
9 0.7164531249999999 0.6044537037037035 0.04856770833333339 0.08106481481481483
1 0.4570208333333333 0.12542592592592594 0.06609895833333343 0.10228703703703701
2 0.29330729166666664 0.42016666666666663 0.08075520833333334 0.09452777777777786
11 0.31177604166666667 0.11218518518518518 0.06392187500000004 0.09696296296296292
3 0.5367395833333333 0.7843888888888889 0.046656250000000024 0.09026851851851853