4 0.21086979166666664 0.6705648148148148 0.07820833333333332 0.2793611111111111
6 0.12578645833333332 0.30450925925925926 0.053609375 0.17181481481481484
1 0.3938802083333333 0.380712962962963 0.055265624999999964 0.26001851851851854
3 0.497375 0.5271574074074075 0.052619791666666596 0.14564814814814817
0 0.23693229166666666 0.39574074074074067 0.05200520833333337 0.18710185185185174
6 0.6636875 0.3545462962962963 0.04956770833333337 0.17771296296296293
10 0.47367187499999996 0.35385185185185186 0.05014062500000005 0.21067592592592593
9 0.5571770833333333 0.3257685185185185 0.036093750000000036 0.11782407407407405
0 0.5858333333333332 0.27905555555555556 0.03433854166666652 0.15474074074074076
3 0.10259895833333332 0.4345462962962963 0.04937499999999999 0.1451759259259259
9 0.1981875 0.33359259259259255 0.04046354166666668 0.12552777777777768
7 0.2868802083333333 0.7120277777777777 0.07472395833333331 0.33808333333333346