0 0.322046875 0.5443703703703703 0.05709895833333327 0.1595833333333333
4 0.5524322916666666 0.8356851851851851 0.06372395833333329 0.1933888888888889
3 0.23165624999999998 0.7131481481481482 0.05460937499999998 0.12428703703703706
3 0.5867552083333333 0.44059259259259254 0.045479166666666695 0.11695370370370375
7 0.639265625 0.8121018518518519 0.06680729166666666 0.20840740740740735
6 0.12537500000000001 0.5471296296296295 0.06251041666666665 0.15761111111111115
1 0.4506666666666666 0.39216666666666666 0.04212500000000006 0.20683333333333329
10 0.48115625 0.2867962962962963 0.04214583333333337 0.1765648148148148
9 0.20473958333333334 0.49252777777777773 0.049171874999999976 0.11754629629629629
6 0.586359375 0.13453703703703704 0.043265625000000085 0.148074074074074
0 0.4668854166666666 0.06911111111111111 0.030208333333333393 0.08713888888888888
9 0.4787760416666666 0.14293518518518517 0.03142708333333335 0.06200925925925927