3 0.28446354166666665 0.7288240740740741 0.03577604166666672 0.07089814814814809
9 0.374890625 0.6668425925925926 0.03460937500000005 0.06465740740740734
9 0.38764062499999996 0.27392592592592585 0.03974999999999995 0.06280555555555559
3 0.6656979166666667 0.7173981481481481 0.03704166666666655 0.068537037037037
0 0.4295364583333333 0.9557407407407408 0.03911979166666661 0.0881851851851852
6 0.5377083333333333 0.9389351851851852 0.03791666666666664 0.09193518518518526
6 0.22416666666666663 0.3881666666666667 0.039999999999999945 0.06819444444444443
2 0.33291666666666664 0.47925 0.04083333333333341 0.08739814814814824
2 0.6207291666666667 0.44962962962962966 0.04354166666666668 0.08740740740740749
0 0.33229166666666665 0.09714814814814814 0.04375 0.07873148148148149
1 0.475 0.13731481481481483 0.04166666666666661 0.08130555555555556
4 0.4708333333333333 0.6342037037037037 0.04166666666666661 0.09729629629629623
5 0.20593749999999997 0.6143981481481481 0.04312499999999997 0.08361111111111101
5 0.6058333333333333 0.0877037037037037 0.04500000000000011 0.07096296296296295
10 0.5545833333333332 0.6523518518518517 0.04249999999999989 0.09654629629629628
7 0.4625 0.5016574074074073 0.04166666666666661 0.08404629629629629
8 0.4666666666666666 0.826925925925926 0.04166666666666661 0.09385185185185176
8 0.5784374999999999 0.27709259259259256 0.04645833333333318 0.06825925925925931
11 0.25322916666666667 0.1489814814814815 0.041875000000000016 0.07870370370370369
11 0.33249999999999996 0.8985740740740741 0.039999999999999945 0.0927037037037037