3 0.6965364583333333 0.6116574074074074 0.049890624999999925 0.13739814814814824
9 0.29435416666666675 0.6719537037037037 0.050156250000000034 0.13540740740740742
2 0.5716666666666667 0.7340092592592593 0.06803645833333327 0.1736851851851851
3 0.3848541666666668 0.7413703703703703 0.052505208333333366 0.1410925925925925
4 0.6220677083333334 0.18084259259259255 0.04546875000000004 0.16438888888888883
2 0.23624479166666665 0.4392314814814815 0.06052083333333318 0.15381481481481482
3 0.4926041666666666 0.5479814814814815 0.04540104166666677 0.12595370370370362
3 0.1733854166666667 0.646037037037037 0.05125520833333326 0.1323518518518518
3 0.395109375 0.2931759259259259 0.037437500000000054 0.10624074074074075
3 0.3198854166666667 0.4946018518518518 0.044609375000000104 0.12282407407407415
0 0.5927447916666667 0.3028518518518518 0.04683333333333337 0.15375925925925923
9 0.4884114583333334 0.3205 0.034937500000000024 0.1084074074074075
0 0.7188125000000001 0.21388888888888888 0.04684895833333336 0.1530462962962962
9 0.48566666666666675 0.8070740740740739 0.05256249999999998 0.14426851851851835
11 0.43784375000000003 0.4060648148148148 0.04539583333333326 0.1354814814814816
6 0.5124531250000001 0.13625925925925925 0.036531249999999994 0.13407407407407412
9 0.608875 0.6388703703703704 0.05178124999999998 0.1345925925925927
5 0.4603750000000001 0.2033611111111111 0.042411458333333305 0.11798148148148146
9 0.550875 0.24207407407407405 0.029875000000000006 0.10430555555555551
3 0.7632239583333333 0.3853703703703703 0.04661979166666654 0.11807407407407405
3 0.17467187499999995 0.530074074074074 0.04813541666666658 0.11811111111111106
6 0.7592291666666667 0.48531481481481475 0.04949999999999992 0.1698425925925927
8 0.3848541666666668 0.5602037037037036 0.06528645833333328 0.15583333333333324
11 0.6089791666666666 0.5058333333333332 0.051718750000000036 0.14884259259259253
8 0.6789947916666667 0.3683055555555555 0.061135416666666664 0.1443518518518518
9 0.4100520833333333 0.1627037037037037 0.03772916666666663 0.09574074074074075
5 0.6826041666666667 0.8226574074074073 0.07020833333333343 0.18530555555555567
10 0.8213541666666666 0.2506018518518518 0.06770833333333322 0.18935185185185183
9 0.5265625 0.41926851851851854 0.044791666666666605 0.11556481481481487
7 0.3711458333333333 0.17080555555555554 0.03895833333333343 0.18902777777777782
1 0.3309375000000001 0.3361296296296296 0.04854166666666657 0.19003703703703695